by_chromosomes:
  chr1:
    mean_sb: 1250.062498123447
    pvalue_sb: 0.5399084593369076
    query_bases_count: 25000
    query_coverage: 0.25
    query_size: 500
    reference_bases_count: 5000
    reference_coverage: 0.05
    reference_size: 100
    sd_sb: 180.25886722502077
    shared_bases_count: 1232
    shared_coverage: 0.01232
    zscore_sb: -0.10020310457681532
total:
  mean_sb: 1250.062498123447
  pvalue_sb: 0.5399084593369076
  query_bases_count: 25000
  query_coverage: 0.25
  query_size: 500
  reference_bases_count: 5000
  reference_coverage: 0.05
  reference_size: 100
  sd_sb: 180.25886722502077
  shared_bases_count: 1232
  shared_coverage: 0.01232
  total_genome_length: 100000
  zscore_sb: -0.10020310457681532
