by_chromosomes:
  chr1:
    mean_sb: 500.0849974489291
    pvalue_sb: 0.48717743387095164
    query_bases_count: 10000
    query_coverage: 0.1
    query_size: 1000
    reference_bases_count: 5000
    reference_coverage: 0.05
    reference_size: 4748
    sd_sb: 28.46312804361364
    shared_bases_count: 501
    shared_coverage: 0.00501
    zscore_sb: 0.03214694286829139
total:
  mean_sb: 500.0849974489291
  pvalue_sb: 0.48717743387095164
  query_bases_count: 10000
  query_coverage: 0.1
  query_size: 1000
  reference_bases_count: 5000
  reference_coverage: 0.05
  reference_size: 4748
  sd_sb: 28.46312804361364
  shared_bases_count: 501
  shared_coverage: 0.00501
  total_genome_length: 100000
  zscore_sb: 0.03214694286829139
