by_chromosomes:
  chr1:
    mean_sb: 5000.249992493697
    pvalue_sb: 0.3008981533335358
    query_bases_count: 25000
    query_coverage: 0.25
    query_size: 500
    reference_bases_count: 20000
    reference_coverage: 0.2
    reference_size: 400
    sd_sb: 378.9627797836873
    shared_bases_count: 5198
    shared_coverage: 0.05198
    zscore_sb: 0.5218190757920298
total:
  mean_sb: 5000.249992493697
  pvalue_sb: 0.3008981533335358
  query_bases_count: 25000
  query_coverage: 0.25
  query_size: 500
  reference_bases_count: 20000
  reference_coverage: 0.2
  reference_size: 400
  sd_sb: 378.9627797836873
  shared_bases_count: 5198
  shared_coverage: 0.05198
  total_genome_length: 100000
  zscore_sb: 0.5218190757920298
