by_chromosomes:
  chr1:
    mean_sb: 250.01249962471564
    pvalue_sb: 0.6754655851834348
    query_bases_count: 25000
    query_coverage: 0.25
    query_size: 500
    reference_bases_count: 1000
    reference_coverage: 0.01
    reference_size: 20
    sd_sb: 79.13858120647906
    shared_bases_count: 214
    shared_coverage: 0.00214
    zscore_sb: -0.4550561695155499
total:
  mean_sb: 250.01249962471564
  pvalue_sb: 0.6754655851834348
  query_bases_count: 25000
  query_coverage: 0.25
  query_size: 500
  reference_bases_count: 1000
  reference_coverage: 0.01
  reference_size: 20
  sd_sb: 79.13858120647906
  shared_bases_count: 214
  shared_coverage: 0.00214
  total_genome_length: 100000
  zscore_sb: -0.4550561695155499
