by_chromosomes:
  chr1:
    mean_sb: 2500.1249962467805
    pvalue_sb: 0.32892980806618566
    query_bases_count: 25000
    query_coverage: 0.25
    query_size: 500
    reference_bases_count: 10000
    reference_coverage: 0.1
    reference_size: 200
    sd_sb: 254.8715205216296
    shared_bases_count: 2613
    shared_coverage: 0.02613
    zscore_sb: 0.4428702097519781
total:
  mean_sb: 2500.1249962467805
  pvalue_sb: 0.32892980806618566
  query_bases_count: 25000
  query_coverage: 0.25
  query_size: 500
  reference_bases_count: 10000
  reference_coverage: 0.1
  reference_size: 200
  sd_sb: 254.8715205216296
  shared_bases_count: 2613
  shared_coverage: 0.02613
  total_genome_length: 100000
  zscore_sb: 0.4428702097519781
