by_chromosomes:
  chr1:
    mean_sb: 2500.1249962467405
    pvalue_sb: 0.35576621658633634
    query_bases_count: 25000
    query_coverage: 0.25
    query_size: 500
    reference_bases_count: 10000
    reference_coverage: 0.1
    reference_size: 200
    sd_sb: 259.2626369175735
    shared_bases_count: 2596
    shared_coverage: 0.02596
    zscore_sb: 0.3697987681261644
total:
  mean_sb: 2500.1249962467405
  pvalue_sb: 0.35576621658633634
  query_bases_count: 25000
  query_coverage: 0.25
  query_size: 500
  reference_bases_count: 10000
  reference_coverage: 0.1
  reference_size: 200
  sd_sb: 259.2626369175735
  shared_bases_count: 2596
  shared_coverage: 0.02596
  total_genome_length: 100000
  zscore_sb: 0.3697987681261644
