by_chromosomes:
  chr1:
    mean_sb: 625000.0312312496
    pvalue_sb: 0.4202536485519178
    query_bases_count: 25000000
    query_coverage: 0.25
    query_size: 50000
    reference_bases_count: 2500000
    reference_coverage: 0.025
    reference_size: 5000
    sd_sb: 12656.083262544751
    shared_bases_count: 627547
    shared_coverage: 0.00627547
    zscore_sb: 0.20124462805077403
total:
  mean_sb: 625000.0312312496
  pvalue_sb: 0.4202536485519178
  query_bases_count: 25000000
  query_coverage: 0.25
  query_size: 50000
  reference_bases_count: 2500000
  reference_coverage: 0.025
  reference_size: 5000
  sd_sb: 12656.083262544751
  shared_bases_count: 627547
  shared_coverage: 0.00627547
  total_genome_length: 100000000
  zscore_sb: 0.20124462805077403
