by_chromosomes:
  chr1:
    mean_sb: 6250.000312294755
    pvalue_sb: 0.9216075141784713
    query_bases_count: 25000000
    query_coverage: 0.25
    query_size: 50000
    reference_bases_count: 25000
    reference_coverage: 0.00025
    reference_size: 50
    sd_sb: 1254.2661497692377
    shared_bases_count: 4474
    shared_coverage: 4.474e-05
    zscore_sb: -1.4159676657314768
total:
  mean_sb: 6250.000312294755
  pvalue_sb: 0.9216075141784713
  query_bases_count: 25000000
  query_coverage: 0.25
  query_size: 50000
  reference_bases_count: 25000
  reference_coverage: 0.00025
  reference_size: 50
  sd_sb: 1254.2661497692377
  shared_bases_count: 4474
  shared_coverage: 4.474e-05
  total_genome_length: 100000000
  zscore_sb: -1.4159676657314768
