by_chromosomes:
  chr1:
    mean_sb: 125000.00624622586
    pvalue_sb: 0.8819256664072666
    query_bases_count: 25000000
    query_coverage: 0.25
    query_size: 50000
    reference_bases_count: 500000
    reference_coverage: 0.005
    reference_size: 1000
    sd_sb: 5622.676749331734
    shared_bases_count: 118339
    shared_coverage: 0.00118339
    zscore_sb: -1.184668182644065
total:
  mean_sb: 125000.00624622586
  pvalue_sb: 0.8819256664072666
  query_bases_count: 25000000
  query_coverage: 0.25
  query_size: 50000
  reference_bases_count: 500000
  reference_coverage: 0.005
  reference_size: 1000
  sd_sb: 5622.676749331734
  shared_bases_count: 118339
  shared_coverage: 0.00118339
  total_genome_length: 100000000
  zscore_sb: -1.184668182644065
