by_chromosomes:
  chr1:
    mean_sb: 500.02499924934733
    pvalue_sb: 0.8500764433586204
    query_bases_count: 25000
    query_coverage: 0.25
    query_size: 500
    reference_bases_count: 2000
    reference_coverage: 0.02
    reference_size: 40
    sd_sb: 112.87554685734152
    shared_bases_count: 383
    shared_coverage: 0.00383
    zscore_sb: -1.0367613048843087
total:
  mean_sb: 500.02499924934733
  pvalue_sb: 0.8500764433586204
  query_bases_count: 25000
  query_coverage: 0.25
  query_size: 500
  reference_bases_count: 2000
  reference_coverage: 0.02
  reference_size: 40
  sd_sb: 112.87554685734152
  shared_bases_count: 383
  shared_coverage: 0.00383
  total_genome_length: 100000
  zscore_sb: -1.0367613048843087
