by_chromosomes:
  chr1:
    mean_sb: 1250.0624981234914
    pvalue_sb: 0.8059036162816464
    query_bases_count: 25000
    query_coverage: 0.25
    query_size: 500
    reference_bases_count: 5000
    reference_coverage: 0.05
    reference_size: 100
    sd_sb: 179.69938769269746
    shared_bases_count: 1095
    shared_coverage: 0.01095
    zscore_sb: -0.8628994239460767
total:
  mean_sb: 1250.0624981234914
  pvalue_sb: 0.8059036162816464
  query_bases_count: 25000
  query_coverage: 0.25
  query_size: 500
  reference_bases_count: 5000
  reference_coverage: 0.05
  reference_size: 100
  sd_sb: 179.69938769269746
  shared_bases_count: 1095
  shared_coverage: 0.01095
  total_genome_length: 100000
  zscore_sb: -0.8628994239460767
