by_chromosomes:
  chr1:
    mean_sb: 5000.249992493577
    pvalue_sb: 0.47815226255506077
    query_bases_count: 25000
    query_coverage: 0.25
    query_size: 500
    reference_bases_count: 20000
    reference_coverage: 0.2
    reference_size: 400
    sd_sb: 378.70810433912186
    shared_bases_count: 5021
    shared_coverage: 0.05021
    zscore_sb: 0.054791559168328695
total:
  mean_sb: 5000.249992493577
  pvalue_sb: 0.47815226255506077
  query_bases_count: 25000
  query_coverage: 0.25
  query_size: 500
  reference_bases_count: 20000
  reference_coverage: 0.2
  reference_size: 400
  sd_sb: 378.70810433912186
  shared_bases_count: 5021
  shared_coverage: 0.05021
  total_genome_length: 100000
  zscore_sb: 0.054791559168328695
