by_chromosomes:
  chr1:
    mean_sb: 12500.000624656324
    pvalue_sb: 0.16695039315108562
    query_bases_count: 25000000
    query_coverage: 0.25
    query_size: 50000
    reference_bases_count: 50000
    reference_coverage: 0.0005
    reference_size: 100
    sd_sb: 1773.8002000909983
    shared_bases_count: 14214
    shared_coverage: 0.00014214
    zscore_sb: 0.9662866061553862
total:
  mean_sb: 12500.000624656324
  pvalue_sb: 0.16695039315108562
  query_bases_count: 25000000
  query_coverage: 0.25
  query_size: 50000
  reference_bases_count: 50000
  reference_coverage: 0.0005
  reference_size: 100
  sd_sb: 1773.8002000909983
  shared_bases_count: 14214
  shared_coverage: 0.00014214
  total_genome_length: 100000000
  zscore_sb: 0.9662866061553862
