by_chromosomes:
  chr1:
    mean_sb: 1250.0624981234319
    pvalue_sb: 0.555460185950246
    query_bases_count: 25000
    query_coverage: 0.25
    query_size: 500
    reference_bases_count: 5000
    reference_coverage: 0.05
    reference_size: 100
    sd_sb: 179.69954382318429
    shared_bases_count: 1225
    shared_coverage: 0.01225
    zscore_sb: -0.13946890231447734
total:
  mean_sb: 1250.0624981234319
  pvalue_sb: 0.555460185950246
  query_bases_count: 25000
  query_coverage: 0.25
  query_size: 500
  reference_bases_count: 5000
  reference_coverage: 0.05
  reference_size: 100
  sd_sb: 179.69954382318429
  shared_bases_count: 1225
  shared_coverage: 0.01225
  total_genome_length: 100000
  zscore_sb: -0.13946890231447734
