by_chromosomes:
  chr1:
    mean_sb: 1250.0000624613751
    pvalue_sb: 0.8365861304857196
    query_bases_count: 25000000
    query_coverage: 0.25
    query_size: 50000
    reference_bases_count: 5000
    reference_coverage: 5.0e-05
    reference_size: 10
    sd_sb: 560.9248744201967
    shared_bases_count: 700
    shared_coverage: 7.0e-06
    zscore_sb: -0.9805235737314839
total:
  mean_sb: 1250.0000624613751
  pvalue_sb: 0.8365861304857196
  query_bases_count: 25000000
  query_coverage: 0.25
  query_size: 50000
  reference_bases_count: 5000
  reference_coverage: 5.0e-05
  reference_size: 10
  sd_sb: 560.9248744201967
  shared_bases_count: 700
  shared_coverage: 7.0e-06
  total_genome_length: 100000000
  zscore_sb: -0.9805235737314839
