by_chromosomes:
  chr1:
    mean_sb: 2499999.9083583583
    pvalue_sb: 0.7189494585462389
    query_bases_count: 25000000
    query_coverage: 0.25
    query_size: 50000
    reference_bases_count: 10000000
    reference_coverage: 0.1
    reference_size: 20000
    sd_sb: 25963.943086654144
    shared_bases_count: 2484948
    shared_coverage: 0.02484948
    zscore_sb: -0.5797235153429059
total:
  mean_sb: 2499999.9083583583
  pvalue_sb: 0.7189494585462389
  query_bases_count: 25000000
  query_coverage: 0.25
  query_size: 50000
  reference_bases_count: 10000000
  reference_coverage: 0.1
  reference_size: 20000
  sd_sb: 25963.943086654144
  shared_bases_count: 2484948
  shared_coverage: 0.02484948
  total_genome_length: 100000000
  zscore_sb: -0.5797235153429059
