by_chromosomes:
  chr1:
    mean_sb: 25.001249962449478
    pvalue_sb: 0.025116567983349873
    query_bases_count: 25000
    query_coverage: 0.25
    query_size: 500
    reference_bases_count: 100
    reference_coverage: 0.001
    reference_size: 2
    sd_sb: 25.025238059294146
    shared_bases_count: 74
    shared_coverage: 0.00074
    zscore_sb: 1.957973383567987
total:
  mean_sb: 25.001249962449478
  pvalue_sb: 0.025116567983349873
  query_bases_count: 25000
  query_coverage: 0.25
  query_size: 500
  reference_bases_count: 100
  reference_coverage: 0.001
  reference_size: 2
  sd_sb: 25.025238059294146
  shared_bases_count: 74
  shared_coverage: 0.00074
  total_genome_length: 100000
  zscore_sb: 1.957973383567987
