by_chromosomes:
  chr1:
    mean_sb: 2500.000124909578
    pvalue_sb: 0.6198426149241953
    query_bases_count: 25000000
    query_coverage: 0.25
    query_size: 50000
    reference_bases_count: 10000
    reference_coverage: 0.0001
    reference_size: 20
    sd_sb: 793.2675649403797
    shared_bases_count: 2258
    shared_coverage: 2.258e-05
    zscore_sb: -0.3050674647560643
total:
  mean_sb: 2500.000124909578
  pvalue_sb: 0.6198426149241953
  query_bases_count: 25000000
  query_coverage: 0.25
  query_size: 50000
  reference_bases_count: 10000
  reference_coverage: 0.0001
  reference_size: 20
  sd_sb: 793.2675649403797
  shared_bases_count: 2258
  shared_coverage: 2.258e-05
  total_genome_length: 100000000
  zscore_sb: -0.3050674647560643
