by_chromosomes:
  chr1:
    mean_sb: 12.500624981232185
    pvalue_sb: 0.047751861602945374
    query_bases_count: 25000
    query_coverage: 0.25
    query_size: 500
    reference_bases_count: 50
    reference_coverage: 0.0005
    reference_size: 1
    sd_sb: 17.695515532529384
    shared_bases_count: 42
    shared_coverage: 0.00042
    zscore_sb: 1.6670537212967649
total:
  mean_sb: 12.500624981232185
  pvalue_sb: 0.047751861602945374
  query_bases_count: 25000
  query_coverage: 0.25
  query_size: 500
  reference_bases_count: 50
  reference_coverage: 0.0005
  reference_size: 1
  sd_sb: 17.695515532529384
  shared_bases_count: 42
  shared_coverage: 0.00042
  total_genome_length: 100000
  zscore_sb: 1.6670537212967649
