by_chromosomes:
  chr1:
    mean_sb: 2499999.585160026
    pvalue_sb: 0.1692629312283036
    query_bases_count: 25000000
    query_coverage: 0.25
    query_size: 50000
    reference_bases_count: 10000000
    reference_coverage: 0.1
    reference_size: 20000
    sd_sb: 25943.873721392425
    shared_bases_count: 2524830
    shared_coverage: 0.0252483
    zscore_sb: 0.9570820112148443
total:
  mean_sb: 2499999.585160026
  pvalue_sb: 0.1692629312283036
  query_bases_count: 25000000
  query_coverage: 0.25
  query_size: 50000
  reference_bases_count: 10000000
  reference_coverage: 0.1
  reference_size: 20000
  sd_sb: 25943.873721392425
  shared_bases_count: 2524830
  shared_coverage: 0.0252483
  total_genome_length: 100000000
  zscore_sb: 0.9570820112148443
