by_chromosomes:
  chr1:
    mean_sb: 625000.0312309371
    pvalue_sb: 0.7319966430450873
    query_bases_count: 25000000
    query_coverage: 0.25
    query_size: 50000
    reference_bases_count: 2500000
    reference_coverage: 0.025
    reference_size: 5000
    sd_sb: 12653.904225052165
    shared_bases_count: 617169
    shared_coverage: 0.00617169
    zscore_sb: -0.6188628498889079
total:
  mean_sb: 625000.0312309371
  pvalue_sb: 0.7319966430450873
  query_bases_count: 25000000
  query_coverage: 0.25
  query_size: 50000
  reference_bases_count: 2500000
  reference_coverage: 0.025
  reference_size: 5000
  sd_sb: 12653.904225052165
  shared_bases_count: 617169
  shared_coverage: 0.00617169
  total_genome_length: 100000000
  zscore_sb: -0.6188628498889079
