by_chromosomes:
  chr1:
    mean_sb: 1250.0624981233925
    pvalue_sb: 0.33261713972364987
    query_bases_count: 25000
    query_coverage: 0.25
    query_size: 500
    reference_bases_count: 5000
    reference_coverage: 0.05
    reference_size: 100
    sd_sb: 177.80883082989428
    shared_bases_count: 1327
    shared_coverage: 0.01327
    zscore_sb: 0.43269786724041787
total:
  mean_sb: 1250.0624981233925
  pvalue_sb: 0.33261713972364987
  query_bases_count: 25000
  query_coverage: 0.25
  query_size: 500
  reference_bases_count: 5000
  reference_coverage: 0.05
  reference_size: 100
  sd_sb: 177.80883082989428
  shared_bases_count: 1327
  shared_coverage: 0.01327
  total_genome_length: 100000
  zscore_sb: 0.43269786724041787
