by_chromosomes:
  chr1:
    mean_sb: 1250000.062462164
    pvalue_sb: 0.33439548297973787
    query_bases_count: 25000000
    query_coverage: 0.25
    query_size: 50000
    reference_bases_count: 5000000
    reference_coverage: 0.05
    reference_size: 10000
    sd_sb: 18042.997966418243
    shared_bases_count: 1257719
    shared_coverage: 0.01257719
    zscore_sb: 0.4278079259445886
total:
  mean_sb: 1250000.062462164
  pvalue_sb: 0.33439548297973787
  query_bases_count: 25000000
  query_coverage: 0.25
  query_size: 50000
  reference_bases_count: 5000000
  reference_coverage: 0.05
  reference_size: 10000
  sd_sb: 18042.997966418243
  shared_bases_count: 1257719
  shared_coverage: 0.01257719
  total_genome_length: 100000000
  zscore_sb: 0.4278079259445886
