by_chromosomes:
  chr1:
    mean_sb: 500.02499924943544
    pvalue_sb: 0.21948215799957177
    query_bases_count: 25000
    query_coverage: 0.25
    query_size: 500
    reference_bases_count: 2000
    reference_coverage: 0.02
    reference_size: 40
    sd_sb: 113.6711172134385
    shared_bases_count: 588
    shared_coverage: 0.00588
    zscore_sb: 0.7739433103782667
total:
  mean_sb: 500.02499924943544
  pvalue_sb: 0.21948215799957177
  query_bases_count: 25000
  query_coverage: 0.25
  query_size: 500
  reference_bases_count: 2000
  reference_coverage: 0.02
  reference_size: 40
  sd_sb: 113.6711172134385
  shared_bases_count: 588
  shared_coverage: 0.00588
  total_genome_length: 100000
  zscore_sb: 0.7739433103782667
