by_chromosomes:
  chr1:
    mean_sb: 125.0062498123135
    pvalue_sb: 0.5356434993412467
    query_bases_count: 25000
    query_coverage: 0.25
    query_size: 500
    reference_bases_count: 500
    reference_coverage: 0.005
    reference_size: 10
    sd_sb: 55.95813345380746
    shared_bases_count: 120
    shared_coverage: 0.0012
    zscore_sb: -0.08946420302682326
total:
  mean_sb: 125.0062498123135
  pvalue_sb: 0.5356434993412467
  query_bases_count: 25000
  query_coverage: 0.25
  query_size: 500
  reference_bases_count: 500
  reference_coverage: 0.005
  reference_size: 10
  sd_sb: 55.95813345380746
  shared_bases_count: 120
  shared_coverage: 0.0012
  total_genome_length: 100000
  zscore_sb: -0.08946420302682326
