by_chromosomes:
  chr1:
    mean_sb: 6250.00031230733
    pvalue_sb: 0.06894125540518801
    query_bases_count: 25000000
    query_coverage: 0.25
    query_size: 50000
    reference_bases_count: 25000
    reference_coverage: 0.00025
    reference_size: 50
    sd_sb: 1254.277319766651
    shared_bases_count: 8111
    shared_coverage: 8.111e-05
    zscore_sb: 1.483722665127115
total:
  mean_sb: 6250.00031230733
  pvalue_sb: 0.06894125540518801
  query_bases_count: 25000000
  query_coverage: 0.25
  query_size: 50000
  reference_bases_count: 25000
  reference_coverage: 0.00025
  reference_size: 50
  sd_sb: 1254.277319766651
  shared_bases_count: 8111
  shared_coverage: 8.111e-05
  total_genome_length: 100000000
  zscore_sb: 1.483722665127115
