by_chromosomes:
  chr1:
    mean_sb: 125000.00624628465
    pvalue_sb: 0.8758613435471976
    query_bases_count: 25000000
    query_coverage: 0.25
    query_size: 50000
    reference_bases_count: 500000
    reference_coverage: 0.005
    reference_size: 1000
    sd_sb: 5618.675124197676
    shared_bases_count: 118513
    shared_coverage: 0.00118513
    zscore_sb: -1.1545437497084277
total:
  mean_sb: 125000.00624628465
  pvalue_sb: 0.8758613435471976
  query_bases_count: 25000000
  query_coverage: 0.25
  query_size: 50000
  reference_bases_count: 500000
  reference_coverage: 0.005
  reference_size: 1000
  sd_sb: 5618.675124197676
  shared_bases_count: 118513
  shared_coverage: 0.00118513
  total_genome_length: 100000000
  zscore_sb: -1.1545437497084277
