by_chromosomes:
  chr1:
    mean_sb: 1250.0624981233711
    pvalue_sb: 0.21276685537445278
    query_bases_count: 25000
    query_coverage: 0.25
    query_size: 500
    reference_bases_count: 5000
    reference_coverage: 0.05
    reference_size: 100
    sd_sb: 179.37645753465765
    shared_bases_count: 1393
    shared_coverage: 0.01393
    zscore_sb: 0.7968576469908918
total:
  mean_sb: 1250.0624981233711
  pvalue_sb: 0.21276685537445278
  query_bases_count: 25000
  query_coverage: 0.25
  query_size: 500
  reference_bases_count: 5000
  reference_coverage: 0.05
  reference_size: 100
  sd_sb: 179.37645753465765
  shared_bases_count: 1393
  shared_coverage: 0.01393
  total_genome_length: 100000
  zscore_sb: 0.7968576469908918
