by_chromosomes:
  chr1:
    mean_sb: 25.001249962457408
    pvalue_sb: 0.20070578210171197
    query_bases_count: 25000
    query_coverage: 0.25
    query_size: 500
    reference_bases_count: 100
    reference_coverage: 0.001
    reference_size: 2
    sd_sb: 25.025238059293155
    shared_bases_count: 46
    shared_coverage: 0.00046
    zscore_sb: 0.8391029083435503
total:
  mean_sb: 25.001249962457408
  pvalue_sb: 0.20070578210171197
  query_bases_count: 25000
  query_coverage: 0.25
  query_size: 500
  reference_bases_count: 100
  reference_coverage: 0.001
  reference_size: 2
  sd_sb: 25.025238059293155
  shared_bases_count: 46
  shared_coverage: 0.00046
  total_genome_length: 100000
  zscore_sb: 0.8391029083435503
