by_chromosomes:
  chr1:
    mean_sb: 250000.01249248444
    pvalue_sb: 0.5564112979325836
    query_bases_count: 25000000
    query_coverage: 0.25
    query_size: 50000
    reference_bases_count: 1000000
    reference_coverage: 0.01
    reference_size: 2000
    sd_sb: 7957.702328371285
    shared_bases_count: 248871
    shared_coverage: 0.00248871
    zscore_sb: -0.14187669328358937
total:
  mean_sb: 250000.01249248444
  pvalue_sb: 0.5564112979325836
  query_bases_count: 25000000
  query_coverage: 0.25
  query_size: 50000
  reference_bases_count: 1000000
  reference_coverage: 0.01
  reference_size: 2000
  sd_sb: 7957.702328371285
  shared_bases_count: 248871
  shared_coverage: 0.00248871
  total_genome_length: 100000000
  zscore_sb: -0.14187669328358937
