by_chromosomes:
  chr1:
    mean_sb: 2500.1249962467164
    pvalue_sb: 0.34845161267698016
    query_bases_count: 25000
    query_coverage: 0.25
    query_size: 500
    reference_bases_count: 10000
    reference_coverage: 0.1
    reference_size: 200
    sd_sb: 258.9831152383003
    shared_bases_count: 2601
    shared_coverage: 0.02601
    zscore_sb: 0.3895041715768413
total:
  mean_sb: 2500.1249962467164
  pvalue_sb: 0.34845161267698016
  query_bases_count: 25000
  query_coverage: 0.25
  query_size: 500
  reference_bases_count: 10000
  reference_coverage: 0.1
  reference_size: 200
  sd_sb: 258.9831152383003
  shared_bases_count: 2601
  shared_coverage: 0.02601
  total_genome_length: 100000
  zscore_sb: 0.3895041715768413
