by_chromosomes:
  chr1:
    mean_sb: 250000.01249250304
    pvalue_sb: 0.22316314279295224
    query_bases_count: 25000000
    query_coverage: 0.25
    query_size: 50000
    reference_bases_count: 1000000
    reference_coverage: 0.01
    reference_size: 2000
    sd_sb: 7960.024030131691
    shared_bases_count: 256062
    shared_coverage: 0.00256062
    zscore_sb: 0.7615539205095411
total:
  mean_sb: 250000.01249250304
  pvalue_sb: 0.22316314279295224
  query_bases_count: 25000000
  query_coverage: 0.25
  query_size: 50000
  reference_bases_count: 1000000
  reference_coverage: 0.01
  reference_size: 2000
  sd_sb: 7960.024030131691
  shared_bases_count: 256062
  shared_coverage: 0.00256062
  total_genome_length: 100000000
  zscore_sb: 0.7615539205095411
