by_chromosomes:
  chr1:
    mean_sb: 25000.001249254623
    pvalue_sb: 0.9059646640085586
    query_bases_count: 25000000
    query_coverage: 0.25
    query_size: 50000
    reference_bases_count: 100000
    reference_coverage: 0.001
    reference_size: 200
    sd_sb: 2508.5323026398764
    shared_bases_count: 21698
    shared_coverage: 0.00021698
    zscore_sb: -1.316308044261472
total:
  mean_sb: 25000.001249254623
  pvalue_sb: 0.9059646640085586
  query_bases_count: 25000000
  query_coverage: 0.25
  query_size: 50000
  reference_bases_count: 100000
  reference_coverage: 0.001
  reference_size: 200
  sd_sb: 2508.5323026398764
  shared_bases_count: 21698
  shared_coverage: 0.00021698
  total_genome_length: 100000000
  zscore_sb: -1.316308044261472
