by_chromosomes:
  chr1:
    mean_sb: 62500.00312317898
    pvalue_sb: 0.39130942178743283
    query_bases_count: 25000000
    query_coverage: 0.25
    query_size: 50000
    reference_bases_count: 250000
    reference_coverage: 0.0025
    reference_size: 500
    sd_sb: 3968.705030991998
    shared_bases_count: 63595
    shared_coverage: 0.00063595
    zscore_sb: 0.2759078511177028
total:
  mean_sb: 62500.00312317898
  pvalue_sb: 0.39130942178743283
  query_bases_count: 25000000
  query_coverage: 0.25
  query_size: 50000
  reference_bases_count: 250000
  reference_coverage: 0.0025
  reference_size: 500
  sd_sb: 3968.705030991998
  shared_bases_count: 63595
  shared_coverage: 0.00063595
  total_genome_length: 100000000
  zscore_sb: 0.2759078511177028
