by_chromosomes:
  chr1:
    mean_sb: 250000.01249251325
    pvalue_sb: 0.7429370763087753
    query_bases_count: 25000000
    query_coverage: 0.25
    query_size: 50000
    reference_bases_count: 1000000
    reference_coverage: 0.01
    reference_size: 2000
    sd_sb: 7957.999406724817
    shared_bases_count: 244808
    shared_coverage: 0.00244808
    zscore_sb: -0.6524268509150423
total:
  mean_sb: 250000.01249251325
  pvalue_sb: 0.7429370763087753
  query_bases_count: 25000000
  query_coverage: 0.25
  query_size: 50000
  reference_bases_count: 1000000
  reference_coverage: 0.01
  reference_size: 2000
  sd_sb: 7957.999406724817
  shared_bases_count: 244808
  shared_coverage: 0.00244808
  total_genome_length: 100000000
  zscore_sb: -0.6524268509150423
