by_chromosomes:
  chr1:
    mean_sb: 1250.0624981235194
    pvalue_sb: 0.44478092460252777
    query_bases_count: 25000
    query_coverage: 0.25
    query_size: 500
    reference_bases_count: 5000
    reference_coverage: 0.05
    reference_size: 100
    sd_sb: 179.5891175025411
    shared_bases_count: 1275
    shared_coverage: 0.01275
    zscore_sb: 0.13885864702312956
total:
  mean_sb: 1250.0624981235194
  pvalue_sb: 0.44478092460252777
  query_bases_count: 25000
  query_coverage: 0.25
  query_size: 500
  reference_bases_count: 5000
  reference_coverage: 0.05
  reference_size: 100
  sd_sb: 179.5891175025411
  shared_bases_count: 1275
  shared_coverage: 0.01275
  total_genome_length: 100000
  zscore_sb: 0.13885864702312956
