by_chromosomes:
  chr1:
    mean_sb: 500.08499744892487
    pvalue_sb: 0.8709488273225955
    query_bases_count: 10000
    query_coverage: 0.1
    query_size: 1000
    reference_bases_count: 5000
    reference_coverage: 0.05
    reference_size: 4777
    sd_sb: 28.37151416384652
    shared_bases_count: 468
    shared_coverage: 0.00468
    zscore_sb: -1.130887737032041
total:
  mean_sb: 500.08499744892487
  pvalue_sb: 0.8709488273225955
  query_bases_count: 10000
  query_coverage: 0.1
  query_size: 1000
  reference_bases_count: 5000
  reference_coverage: 0.05
  reference_size: 4777
  sd_sb: 28.37151416384652
  shared_bases_count: 468
  shared_coverage: 0.00468
  total_genome_length: 100000
  zscore_sb: -1.130887737032041
