by_chromosomes:
  chr1:
    mean_sb: 2500.000124905992
    pvalue_sb: 0.5155863090477486
    query_bases_count: 25000000
    query_coverage: 0.25
    query_size: 50000
    reference_bases_count: 10000
    reference_coverage: 0.0001
    reference_size: 20
    sd_sb: 793.2675649384521
    shared_bases_count: 2469
    shared_coverage: 2.469e-05
    zscore_sb: -0.039079027400291046
total:
  mean_sb: 2500.000124905992
  pvalue_sb: 0.5155863090477486
  query_bases_count: 25000000
  query_coverage: 0.25
  query_size: 50000
  reference_bases_count: 10000
  reference_coverage: 0.0001
  reference_size: 20
  sd_sb: 793.2675649384521
  shared_bases_count: 2469
  shared_coverage: 2.469e-05
  total_genome_length: 100000000
  zscore_sb: -0.039079027400291046
