by_chromosomes:
  chr1:
    mean_sb: 62500.00312313238
    pvalue_sb: 0.35602122790066687
    query_bases_count: 25000000
    query_coverage: 0.25
    query_size: 50000
    reference_bases_count: 250000
    reference_coverage: 0.0025
    reference_size: 500
    sd_sb: 3968.950752731392
    shared_bases_count: 63965
    shared_coverage: 0.00063965
    zscore_sb: 0.36911440028814163
total:
  mean_sb: 62500.00312313238
  pvalue_sb: 0.35602122790066687
  query_bases_count: 25000000
  query_coverage: 0.25
  query_size: 50000
  reference_bases_count: 250000
  reference_coverage: 0.0025
  reference_size: 500
  sd_sb: 3968.950752731392
  shared_bases_count: 63965
  shared_coverage: 0.00063965
  total_genome_length: 100000000
  zscore_sb: 0.36911440028814163
