by_chromosomes:
  chr1:
    mean_sb: 200.03399897956544
    pvalue_sb: 0.3982020027545935
    query_bases_count: 10000
    query_coverage: 0.1
    query_size: 1000
    reference_bases_count: 2000
    reference_coverage: 0.02
    reference_size: 1957
    sd_sb: 15.371872963874653
    shared_bases_count: 204
    shared_coverage: 0.00204
    zscore_sb: 0.2580037598381828
total:
  mean_sb: 200.03399897956544
  pvalue_sb: 0.3982020027545935
  query_bases_count: 10000
  query_coverage: 0.1
  query_size: 1000
  reference_bases_count: 2000
  reference_coverage: 0.02
  reference_size: 1957
  sd_sb: 15.371872963874653
  shared_bases_count: 204
  shared_coverage: 0.00204
  total_genome_length: 100000
  zscore_sb: 0.2580037598381828
