by_chromosomes:
  chr1:
    mean_sb: 1250.0000624693503
    pvalue_sb: 0.1044034911679031
    query_bases_count: 25000000
    query_coverage: 0.25
    query_size: 50000
    reference_bases_count: 5000
    reference_coverage: 5.0e-05
    reference_size: 10
    sd_sb: 560.9248744158034
    shared_bases_count: 1955
    shared_coverage: 1.955e-05
    zscore_sb: 1.2568526904158046
total:
  mean_sb: 1250.0000624693503
  pvalue_sb: 0.1044034911679031
  query_bases_count: 25000000
  query_coverage: 0.25
  query_size: 50000
  reference_bases_count: 5000
  reference_coverage: 5.0e-05
  reference_size: 10
  sd_sb: 560.9248744158034
  shared_bases_count: 1955
  shared_coverage: 1.955e-05
  total_genome_length: 100000000
  zscore_sb: 1.2568526904158046
