by_chromosomes:
  chr1:
    mean_sb: 250000.01249239338
    pvalue_sb: 0.6769639566857855
    query_bases_count: 25000000
    query_coverage: 0.25
    query_size: 50000
    reference_bases_count: 1000000
    reference_coverage: 0.01
    reference_size: 2000
    sd_sb: 7954.721127679297
    shared_bases_count: 246347
    shared_coverage: 0.00246347
    zscore_sb: -0.45922571436003506
total:
  mean_sb: 250000.01249239338
  pvalue_sb: 0.6769639566857855
  query_bases_count: 25000000
  query_coverage: 0.25
  query_size: 50000
  reference_bases_count: 1000000
  reference_coverage: 0.01
  reference_size: 2000
  sd_sb: 7954.721127679297
  shared_bases_count: 246347
  shared_coverage: 0.00246347
  total_genome_length: 100000000
  zscore_sb: -0.45922571436003506
