by_chromosomes:
  chr1:
    mean_sb: 12500.000624631946
    pvalue_sb: 0.49640165744354015
    query_bases_count: 25000000
    query_coverage: 0.25
    query_size: 50000
    reference_bases_count: 50000
    reference_coverage: 0.0005
    reference_size: 100
    sd_sb: 1773.8002002160824
    shared_bases_count: 12516
    shared_coverage: 0.00012516
    zscore_sb: 0.009019829497203037
total:
  mean_sb: 12500.000624631946
  pvalue_sb: 0.49640165744354015
  query_bases_count: 25000000
  query_coverage: 0.25
  query_size: 50000
  reference_bases_count: 50000
  reference_coverage: 0.0005
  reference_size: 100
  sd_sb: 1773.8002002160824
  shared_bases_count: 12516
  shared_coverage: 0.00012516
  total_genome_length: 100000000
  zscore_sb: 0.009019829497203037
