by_chromosomes:
  chr1:
    mean_sb: 5000.249992493759
    pvalue_sb: 0.39746002534261865
    query_bases_count: 25000
    query_coverage: 0.25
    query_size: 500
    reference_bases_count: 20000
    reference_coverage: 0.2
    reference_size: 400
    sd_sb: 376.0670931142836
    shared_bases_count: 5098
    shared_coverage: 0.05098
    zscore_sb: 0.2599270430623268
total:
  mean_sb: 5000.249992493759
  pvalue_sb: 0.39746002534261865
  query_bases_count: 25000
  query_coverage: 0.25
  query_size: 500
  reference_bases_count: 20000
  reference_coverage: 0.2
  reference_size: 400
  sd_sb: 376.0670931142836
  shared_bases_count: 5098
  shared_coverage: 0.05098
  total_genome_length: 100000
  zscore_sb: 0.2599270430623268
