by_chromosomes:
  chr1:
    mean_sb: 25.001249962484735
    pvalue_sb: 0.625412440808986
    query_bases_count: 25000
    query_coverage: 0.25
    query_size: 500
    reference_bases_count: 100
    reference_coverage: 0.001
    reference_size: 2
    sd_sb: 25.025238059293628
    shared_bases_count: 17
    shared_coverage: 0.00017
    zscore_sb: -0.3197272267111685
total:
  mean_sb: 25.001249962484735
  pvalue_sb: 0.625412440808986
  query_bases_count: 25000
  query_coverage: 0.25
  query_size: 500
  reference_bases_count: 100
  reference_coverage: 0.001
  reference_size: 2
  sd_sb: 25.025238059293628
  shared_bases_count: 17
  shared_coverage: 0.00017
  total_genome_length: 100000
  zscore_sb: -0.3197272267111685
