by_chromosomes:
  chr1:
    mean_sb: 2500.1249962470138
    pvalue_sb: 0.569206645376606
    query_bases_count: 25000
    query_coverage: 0.25
    query_size: 500
    reference_bases_count: 10000
    reference_coverage: 0.1
    reference_size: 200
    sd_sb: 258.8114629038963
    shared_bases_count: 2455
    shared_coverage: 0.02455
    zscore_sb: -0.17435470492962582
total:
  mean_sb: 2500.1249962470138
  pvalue_sb: 0.569206645376606
  query_bases_count: 25000
  query_coverage: 0.25
  query_size: 500
  reference_bases_count: 10000
  reference_coverage: 0.1
  reference_size: 200
  sd_sb: 258.8114629038963
  shared_bases_count: 2455
  shared_coverage: 0.02455
  total_genome_length: 100000
  zscore_sb: -0.17435470492962582
