by_chromosomes:
  chr1:
    mean_sb: 1250.0000624658487
    pvalue_sb: 0.45882253993996597
    query_bases_count: 25000000
    query_coverage: 0.25
    query_size: 50000
    reference_bases_count: 5000
    reference_coverage: 5.0e-05
    reference_size: 10
    sd_sb: 560.9248744161847
    shared_bases_count: 1308
    shared_coverage: 1.308e-05
    zscore_sb: 0.10340054467100988
total:
  mean_sb: 1250.0000624658487
  pvalue_sb: 0.45882253993996597
  query_bases_count: 25000000
  query_coverage: 0.25
  query_size: 50000
  reference_bases_count: 5000
  reference_coverage: 5.0e-05
  reference_size: 10
  sd_sb: 560.9248744161847
  shared_bases_count: 1308
  shared_coverage: 1.308e-05
  total_genome_length: 100000000
  zscore_sb: 0.10340054467100988
