by_chromosomes:
  chr1:
    mean_sb: 500.0249992493581
    pvalue_sb: 0.8285313087155188
    query_bases_count: 25000
    query_coverage: 0.25
    query_size: 500
    reference_bases_count: 2000
    reference_coverage: 0.02
    reference_size: 40
    sd_sb: 113.9050806073158
    shared_bases_count: 392
    shared_coverage: 0.00392
    zscore_sb: -0.9483773565972083
total:
  mean_sb: 500.0249992493581
  pvalue_sb: 0.8285313087155188
  query_bases_count: 25000
  query_coverage: 0.25
  query_size: 500
  reference_bases_count: 2000
  reference_coverage: 0.02
  reference_size: 40
  sd_sb: 113.9050806073158
  shared_bases_count: 392
  shared_coverage: 0.00392
  total_genome_length: 100000
  zscore_sb: -0.9483773565972083
