by_chromosomes:
  chr1:
    mean_sb: 50.002499924954144
    pvalue_sb: 0.42163223169035585
    query_bases_count: 25000
    query_coverage: 0.25
    query_size: 500
    reference_bases_count: 200
    reference_coverage: 0.002
    reference_size: 4
    sd_sb: 35.391031065075836
    shared_bases_count: 57
    shared_coverage: 0.00057
    zscore_sb: 0.19771958782944446
total:
  mean_sb: 50.002499924954144
  pvalue_sb: 0.42163223169035585
  query_bases_count: 25000
  query_coverage: 0.25
  query_size: 500
  reference_bases_count: 200
  reference_coverage: 0.002
  reference_size: 4
  sd_sb: 35.391031065075836
  shared_bases_count: 57
  shared_coverage: 0.00057
  total_genome_length: 100000
  zscore_sb: 0.19771958782944446
