by_chromosomes:
  chr1:
    mean_sb: 125.00624981232188
    pvalue_sb: 0.21068088653618477
    query_bases_count: 25000
    query_coverage: 0.25
    query_size: 500
    reference_bases_count: 500
    reference_coverage: 0.005
    reference_size: 10
    sd_sb: 55.95813345381456
    shared_bases_count: 170
    shared_coverage: 0.0017
    zscore_sb: 0.8040609543349767
total:
  mean_sb: 125.00624981232188
  pvalue_sb: 0.21068088653618477
  query_bases_count: 25000
  query_coverage: 0.25
  query_size: 500
  reference_bases_count: 500
  reference_coverage: 0.005
  reference_size: 10
  sd_sb: 55.95813345381456
  shared_bases_count: 170
  shared_coverage: 0.0017
  total_genome_length: 100000
  zscore_sb: 0.8040609543349767
