by_chromosomes:
  chr1:
    mean_sb: 1250.0624981233907
    pvalue_sb: 0.9165655062883775
    query_bases_count: 25000
    query_coverage: 0.25
    query_size: 500
    reference_bases_count: 5000
    reference_coverage: 0.05
    reference_size: 100
    sd_sb: 179.45184796540954
    shared_bases_count: 1002
    shared_coverage: 0.01002
    zscore_sb: -1.3823345980321493
total:
  mean_sb: 1250.0624981233907
  pvalue_sb: 0.9165655062883775
  query_bases_count: 25000
  query_coverage: 0.25
  query_size: 500
  reference_bases_count: 5000
  reference_coverage: 0.05
  reference_size: 100
  sd_sb: 179.45184796540954
  shared_bases_count: 1002
  shared_coverage: 0.01002
  total_genome_length: 100000
  zscore_sb: -1.3823345980321493
