by_chromosomes:
  chr1:
    mean_sb: 125.00624981235089
    pvalue_sb: 0.10227510517810012
    query_bases_count: 25000
    query_coverage: 0.25
    query_size: 500
    reference_bases_count: 500
    reference_coverage: 0.005
    reference_size: 10
    sd_sb: 55.95813345377894
    shared_bases_count: 196
    shared_coverage: 0.00196
    zscore_sb: 1.2686940361634738
total:
  mean_sb: 125.00624981235089
  pvalue_sb: 0.10227510517810012
  query_bases_count: 25000
  query_coverage: 0.25
  query_size: 500
  reference_bases_count: 500
  reference_coverage: 0.005
  reference_size: 10
  sd_sb: 55.95813345377894
  shared_bases_count: 196
  shared_coverage: 0.00196
  total_genome_length: 100000
  zscore_sb: 1.2686940361634738
