by_chromosomes:
  chr1:
    mean_sb: 25000.00124920381
    pvalue_sb: 0.5822650494160575
    query_bases_count: 25000000
    query_coverage: 0.25
    query_size: 50000
    reference_bases_count: 100000
    reference_coverage: 0.001
    reference_size: 200
    sd_sb: 2508.535002985615
    shared_bases_count: 24479
    shared_coverage: 0.00024479
    zscore_sb: -0.2076914408544124
total:
  mean_sb: 25000.00124920381
  pvalue_sb: 0.5822650494160575
  query_bases_count: 25000000
  query_coverage: 0.25
  query_size: 50000
  reference_bases_count: 100000
  reference_coverage: 0.001
  reference_size: 200
  sd_sb: 2508.535002985615
  shared_bases_count: 24479
  shared_coverage: 0.00024479
  total_genome_length: 100000000
  zscore_sb: -0.2076914408544124
