by_chromosomes:
  chr1:
    mean_sb: 6250.000312300653
    pvalue_sb: 0.43226228937810396
    query_bases_count: 25000000
    query_coverage: 0.25
    query_size: 50000
    reference_bases_count: 25000
    reference_coverage: 0.00025
    reference_size: 50
    sd_sb: 1254.2661497370334
    shared_bases_count: 6464
    shared_coverage: 6.464e-05
    zscore_sb: 0.17061744649986263
total:
  mean_sb: 6250.000312300653
  pvalue_sb: 0.43226228937810396
  query_bases_count: 25000000
  query_coverage: 0.25
  query_size: 50000
  reference_bases_count: 25000
  reference_coverage: 0.00025
  reference_size: 50
  sd_sb: 1254.2661497370334
  shared_bases_count: 6464
  shared_coverage: 6.464e-05
  total_genome_length: 100000000
  zscore_sb: 0.17061744649986263
