by_chromosomes:
  chr1:
    mean_sb: 250000.0124924822
    pvalue_sb: 0.862416972491113
    query_bases_count: 25000000
    query_coverage: 0.25
    query_size: 50000
    reference_bases_count: 1000000
    reference_coverage: 0.01
    reference_size: 2000
    sd_sb: 7967.074248394125
    shared_bases_count: 241306
    shared_coverage: 0.00241306
    zscore_sb: -1.0912428102743736
total:
  mean_sb: 250000.0124924822
  pvalue_sb: 0.862416972491113
  query_bases_count: 25000000
  query_coverage: 0.25
  query_size: 50000
  reference_bases_count: 1000000
  reference_coverage: 0.01
  reference_size: 2000
  sd_sb: 7967.074248394125
  shared_bases_count: 241306
  shared_coverage: 0.00241306
  total_genome_length: 100000000
  zscore_sb: -1.0912428102743736
