by_chromosomes:
  chr1:
    mean_sb: 2500.00012493067
    pvalue_sb: 0.5887724937969744
    query_bases_count: 25000000
    query_coverage: 0.25
    query_size: 50000
    reference_bases_count: 10000
    reference_coverage: 0.0001
    reference_size: 20
    sd_sb: 793.2675649090659
    shared_bases_count: 2322
    shared_coverage: 2.322e-05
    zscore_sb: -0.2243885074906279
total:
  mean_sb: 2500.00012493067
  pvalue_sb: 0.5887724937969744
  query_bases_count: 25000000
  query_coverage: 0.25
  query_size: 50000
  reference_bases_count: 10000
  reference_coverage: 0.0001
  reference_size: 20
  sd_sb: 793.2675649090659
  shared_bases_count: 2322
  shared_coverage: 2.322e-05
  total_genome_length: 100000000
  zscore_sb: -0.2243885074906279
