by_chromosomes:
  chr1:
    mean_sb: 25.001249962444163
    pvalue_sb: 0.8411126923677761
    query_bases_count: 25000
    query_coverage: 0.25
    query_size: 500
    reference_bases_count: 100
    reference_coverage: 0.001
    reference_size: 2
    sd_sb: 25.025238059294253
    shared_bases_count: 0
    shared_coverage: 0.0
    zscore_sb: -0.999041443809915
total:
  mean_sb: 25.001249962444163
  pvalue_sb: 0.8411126923677761
  query_bases_count: 25000
  query_coverage: 0.25
  query_size: 500
  reference_bases_count: 100
  reference_coverage: 0.001
  reference_size: 2
  sd_sb: 25.025238059294253
  shared_bases_count: 0
  shared_coverage: 0.0
  total_genome_length: 100000
  zscore_sb: -0.999041443809915
