by_chromosomes:
  chr1:
    mean_sb: 125000.00624621489
    pvalue_sb: 0.8998882689097765
    query_bases_count: 25000000
    query_coverage: 0.25
    query_size: 50000
    reference_bases_count: 500000
    reference_coverage: 0.005
    reference_size: 1000
    sd_sb: 5624.108753514399
    shared_bases_count: 117796
    shared_coverage: 0.00117796
    zscore_sb: -1.2809151746422494
total:
  mean_sb: 125000.00624621489
  pvalue_sb: 0.8998882689097765
  query_bases_count: 25000000
  query_coverage: 0.25
  query_size: 50000
  reference_bases_count: 500000
  reference_coverage: 0.005
  reference_size: 1000
  sd_sb: 5624.108753514399
  shared_bases_count: 117796
  shared_coverage: 0.00117796
  total_genome_length: 100000000
  zscore_sb: -1.2809151746422494
