by_chromosomes:
  chr1:
    mean_sb: 125.0062498123676
    pvalue_sb: 0.8316463930743445
    query_bases_count: 25000
    query_coverage: 0.25
    query_size: 500
    reference_bases_count: 500
    reference_coverage: 0.005
    reference_size: 10
    sd_sb: 56.21600636216181
    shared_bases_count: 71
    shared_coverage: 0.00071
    zscore_sb: -0.9606916838674339
total:
  mean_sb: 125.0062498123676
  pvalue_sb: 0.8316463930743445
  query_bases_count: 25000
  query_coverage: 0.25
  query_size: 500
  reference_bases_count: 500
  reference_coverage: 0.005
  reference_size: 10
  sd_sb: 56.21600636216181
  shared_bases_count: 71
  shared_coverage: 0.00071
  total_genome_length: 100000
  zscore_sb: -0.9606916838674339
