by_chromosomes:
  chr1:
    mean_sb: 500.0249992492986
    pvalue_sb: 0.12524751505270032
    query_bases_count: 25000
    query_coverage: 0.25
    query_size: 500
    reference_bases_count: 2000
    reference_coverage: 0.02
    reference_size: 40
    sd_sb: 113.10555330286057
    shared_bases_count: 630
    shared_coverage: 0.0063
    zscore_sb: 1.149147826567541
total:
  mean_sb: 500.0249992492986
  pvalue_sb: 0.12524751505270032
  query_bases_count: 25000
  query_coverage: 0.25
  query_size: 500
  reference_bases_count: 2000
  reference_coverage: 0.02
  reference_size: 40
  sd_sb: 113.10555330286057
  shared_bases_count: 630
  shared_coverage: 0.0063
  total_genome_length: 100000
  zscore_sb: 1.149147826567541
