by_chromosomes:
  chr1:
    mean_sb: 25.001249962465923
    pvalue_sb: 0.8411126923679988
    query_bases_count: 25000
    query_coverage: 0.25
    query_size: 500
    reference_bases_count: 100
    reference_coverage: 0.001
    reference_size: 2
    sd_sb: 25.025238059293
    shared_bases_count: 0
    shared_coverage: 0.0
    zscore_sb: -0.9990414438108346
total:
  mean_sb: 25.001249962465923
  pvalue_sb: 0.8411126923679988
  query_bases_count: 25000
  query_coverage: 0.25
  query_size: 500
  reference_bases_count: 100
  reference_coverage: 0.001
  reference_size: 2
  sd_sb: 25.025238059293
  shared_bases_count: 0
  shared_coverage: 0.0
  total_genome_length: 100000
  zscore_sb: -0.9990414438108346
