by_chromosomes:
  chr1:
    mean_sb: 250.01249962473676
    pvalue_sb: 0.5751872107150621
    query_bases_count: 25000
    query_coverage: 0.25
    query_size: 500
    reference_bases_count: 1000
    reference_coverage: 0.01
    reference_size: 20
    sd_sb: 79.1814444560677
    shared_bases_count: 235
    shared_coverage: 0.00235
    zscore_sb: -0.1895961828918917
total:
  mean_sb: 250.01249962473676
  pvalue_sb: 0.5751872107150621
  query_bases_count: 25000
  query_coverage: 0.25
  query_size: 500
  reference_bases_count: 1000
  reference_coverage: 0.01
  reference_size: 20
  sd_sb: 79.1814444560677
  shared_bases_count: 235
  shared_coverage: 0.00235
  total_genome_length: 100000
  zscore_sb: -0.1895961828918917
