by_chromosomes:
  chr1:
    mean_sb: 25000.00124922037
    pvalue_sb: 0.1308576518249444
    query_bases_count: 25000000
    query_coverage: 0.25
    query_size: 50000
    reference_bases_count: 100000
    reference_coverage: 0.001
    reference_size: 200
    sd_sb: 2510.8107914730285
    shared_bases_count: 27818
    shared_coverage: 0.00027818
    zscore_sb: 1.1223461203647211
total:
  mean_sb: 25000.00124922037
  pvalue_sb: 0.1308576518249444
  query_bases_count: 25000000
  query_coverage: 0.25
  query_size: 50000
  reference_bases_count: 100000
  reference_coverage: 0.001
  reference_size: 200
  sd_sb: 2510.8107914730285
  shared_bases_count: 27818
  shared_coverage: 0.00027818
  total_genome_length: 100000000
  zscore_sb: 1.1223461203647211
