by_chromosomes:
  chr1:
    mean_sb: 2500.0001249285247
    pvalue_sb: 0.4033993702668893
    query_bases_count: 25000000
    query_coverage: 0.25
    query_size: 50000
    reference_bases_count: 10000
    reference_coverage: 0.0001
    reference_size: 20
    sd_sb: 793.2675649178731
    shared_bases_count: 2694
    shared_coverage: 2.694e-05
    zscore_sb: 0.24455793183925292
total:
  mean_sb: 2500.0001249285247
  pvalue_sb: 0.4033993702668893
  query_bases_count: 25000000
  query_coverage: 0.25
  query_size: 50000
  reference_bases_count: 10000
  reference_coverage: 0.0001
  reference_size: 20
  sd_sb: 793.2675649178731
  shared_bases_count: 2694
  shared_coverage: 2.694e-05
  total_genome_length: 100000000
  zscore_sb: 0.24455793183925292
