by_chromosomes:
  chr1:
    mean_sb: 125.006249812311
    pvalue_sb: 0.9286067621570391
    query_bases_count: 25000
    query_coverage: 0.25
    query_size: 500
    reference_bases_count: 500
    reference_coverage: 0.005
    reference_size: 10
    sd_sb: 55.9581334538524
    shared_bases_count: 43
    shared_coverage: 0.00043
    zscore_sb: -1.4654929453631613
total:
  mean_sb: 125.006249812311
  pvalue_sb: 0.9286067621570391
  query_bases_count: 25000
  query_coverage: 0.25
  query_size: 500
  reference_bases_count: 500
  reference_coverage: 0.005
  reference_size: 10
  sd_sb: 55.9581334538524
  shared_bases_count: 43
  shared_coverage: 0.00043
  total_genome_length: 100000
  zscore_sb: -1.4654929453631613
