by_chromosomes:
  chr1:
    mean_sb: 1250.062498123366
    pvalue_sb: 0.981703844980403
    query_bases_count: 25000
    query_coverage: 0.25
    query_size: 500
    reference_bases_count: 5000
    reference_coverage: 0.05
    reference_size: 100
    sd_sb: 180.38818025195206
    shared_bases_count: 873
    shared_coverage: 0.00873
    zscore_sb: -2.0902838400870527
total:
  mean_sb: 1250.062498123366
  pvalue_sb: 0.981703844980403
  query_bases_count: 25000
  query_coverage: 0.25
  query_size: 500
  reference_bases_count: 5000
  reference_coverage: 0.05
  reference_size: 100
  sd_sb: 180.38818025195206
  shared_bases_count: 873
  shared_coverage: 0.00873
  total_genome_length: 100000
  zscore_sb: -2.0902838400870527
