by_chromosomes:
  chr1:
    mean_sb: 25.001249962479843
    pvalue_sb: 0.27447143962258275
    query_bases_count: 25000
    query_coverage: 0.25
    query_size: 500
    reference_bases_count: 100
    reference_coverage: 0.001
    reference_size: 2
    sd_sb: 25.025238059292125
    shared_bases_count: 40
    shared_coverage: 0.0004
    zscore_sb: 0.5993449493660647
total:
  mean_sb: 25.001249962479843
  pvalue_sb: 0.27447143962258275
  query_bases_count: 25000
  query_coverage: 0.25
  query_size: 500
  reference_bases_count: 100
  reference_coverage: 0.001
  reference_size: 2
  sd_sb: 25.025238059292125
  shared_bases_count: 40
  shared_coverage: 0.0004
  total_genome_length: 100000
  zscore_sb: 0.5993449493660647
