by_chromosomes:
  chr1:
    mean_sb: 20.003399897955383
    pvalue_sb: 0.1284826241781431
    query_bases_count: 10000
    query_coverage: 0.1
    query_size: 1000
    reference_bases_count: 200
    reference_coverage: 0.002
    reference_size: 197
    sd_sb: 4.407754324242676
    shared_bases_count: 25
    shared_coverage: 0.00025
    zscore_sb: 1.133593148457319
total:
  mean_sb: 20.003399897955383
  pvalue_sb: 0.1284826241781431
  query_bases_count: 10000
  query_coverage: 0.1
  query_size: 1000
  reference_bases_count: 200
  reference_coverage: 0.002
  reference_size: 197
  sd_sb: 4.407754324242676
  shared_bases_count: 25
  shared_coverage: 0.00025
  total_genome_length: 100000
  zscore_sb: 1.133593148457319
