by_chromosomes:
  chr1:
    mean_sb: 500.0249992494194
    pvalue_sb: 0.03929975082354213
    query_bases_count: 25000
    query_coverage: 0.25
    query_size: 500
    reference_bases_count: 2000
    reference_coverage: 0.02
    reference_size: 40
    sd_sb: 112.55802933049694
    shared_bases_count: 698
    shared_coverage: 0.00698
    zscore_sb: 1.758870530411289
total:
  mean_sb: 500.0249992494194
  pvalue_sb: 0.03929975082354213
  query_bases_count: 25000
  query_coverage: 0.25
  query_size: 500
  reference_bases_count: 2000
  reference_coverage: 0.02
  reference_size: 40
  sd_sb: 112.55802933049694
  shared_bases_count: 698
  shared_coverage: 0.00698
  total_genome_length: 100000
  zscore_sb: 1.758870530411289
