by_chromosomes:
  chr1:
    mean_sb: 100.01699948978656
    pvalue_sb: 0.5006593225847178
    query_bases_count: 10000
    query_coverage: 0.1
    query_size: 1000
    reference_bases_count: 1000
    reference_coverage: 0.01
    reference_size: 982
    sd_sb: 10.286030375809995
    shared_bases_count: 100
    shared_coverage: 0.001
    zscore_sb: -0.0016526773852942114
total:
  mean_sb: 100.01699948978656
  pvalue_sb: 0.5006593225847178
  query_bases_count: 10000
  query_coverage: 0.1
  query_size: 1000
  reference_bases_count: 1000
  reference_coverage: 0.01
  reference_size: 982
  sd_sb: 10.286030375809995
  shared_bases_count: 100
  shared_coverage: 0.001
  total_genome_length: 100000
  zscore_sb: -0.0016526773852942114
