by_chromosomes:
  chr1:
    mean_sb: 62500.00312303515
    pvalue_sb: 0.0246702509715204
    query_bases_count: 25000000
    query_coverage: 0.25
    query_size: 50000
    reference_bases_count: 250000
    reference_coverage: 0.0025
    reference_size: 500
    sd_sb: 3970.7204273672614
    shared_bases_count: 70305
    shared_coverage: 0.00070305
    zscore_sb: 1.9656374755499615
total:
  mean_sb: 62500.00312303515
  pvalue_sb: 0.0246702509715204
  query_bases_count: 25000000
  query_coverage: 0.25
  query_size: 50000
  reference_bases_count: 250000
  reference_coverage: 0.0025
  reference_size: 500
  sd_sb: 3970.7204273672614
  shared_bases_count: 70305
  shared_coverage: 0.00070305
  total_genome_length: 100000000
  zscore_sb: 1.9656374755499615
