by_chromosomes:
  chr1:
    mean_sb: 125000.00624622285
    pvalue_sb: 0.9767309906233714
    query_bases_count: 25000000
    query_coverage: 0.25
    query_size: 50000
    reference_bases_count: 500000
    reference_coverage: 0.005
    reference_size: 1000
    sd_sb: 5618.746666083515
    shared_bases_count: 113816
    shared_coverage: 0.00113816
    zscore_sb: -1.9904806019700019
total:
  mean_sb: 125000.00624622285
  pvalue_sb: 0.9767309906233714
  query_bases_count: 25000000
  query_coverage: 0.25
  query_size: 50000
  reference_bases_count: 500000
  reference_coverage: 0.005
  reference_size: 1000
  sd_sb: 5618.746666083515
  shared_bases_count: 113816
  shared_coverage: 0.00113816
  total_genome_length: 100000000
  zscore_sb: -1.9904806019700019
