by_chromosomes:
  chr1:
    mean_sb: 25000.00124924165
    pvalue_sb: 0.7551676327378913
    query_bases_count: 25000000
    query_coverage: 0.25
    query_size: 50000
    reference_bases_count: 100000
    reference_coverage: 0.001
    reference_size: 200
    sd_sb: 2508.5342742544194
    shared_bases_count: 23267
    shared_coverage: 0.00023267
    zscore_sb: -0.6908421650952834
total:
  mean_sb: 25000.00124924165
  pvalue_sb: 0.7551676327378913
  query_bases_count: 25000000
  query_coverage: 0.25
  query_size: 50000
  reference_bases_count: 100000
  reference_coverage: 0.001
  reference_size: 200
  sd_sb: 2508.5342742544194
  shared_bases_count: 23267
  shared_coverage: 0.00023267
  total_genome_length: 100000000
  zscore_sb: -0.6908421650952834
