by_chromosomes:
  chr1:
    mean_sb: 2500000.12415333
    pvalue_sb: 0.5030773926807174
    query_bases_count: 25000000
    query_coverage: 0.25
    query_size: 50000
    reference_bases_count: 10000000
    reference_coverage: 0.1
    reference_size: 20000
    sd_sb: 25943.128676900815
    shared_bases_count: 2499800
    shared_coverage: 0.024998
    zscore_sb: -0.007713956008255242
total:
  mean_sb: 2500000.12415333
  pvalue_sb: 0.5030773926807174
  query_bases_count: 25000000
  query_coverage: 0.25
  query_size: 50000
  reference_bases_count: 10000000
  reference_coverage: 0.1
  reference_size: 20000
  sd_sb: 25943.128676900815
  shared_bases_count: 2499800
  shared_coverage: 0.024998
  total_genome_length: 100000000
  zscore_sb: -0.007713956008255242
