by_chromosomes:
  chr1:
    mean_sb: 2499992.11755073
    pvalue_sb: 0.5645786880640977
    query_bases_count: 25000000
    query_coverage: 0.25
    query_size: 50000
    reference_bases_count: 10000000
    reference_coverage: 0.1
    reference_size: 20000
    sd_sb: 25980.457079034124
    shared_bases_count: 2495768
    shared_coverage: 0.02495768
    zscore_sb: -0.1625882692471445
total:
  mean_sb: 2499992.11755073
  pvalue_sb: 0.5645786880640977
  query_bases_count: 25000000
  query_coverage: 0.25
  query_size: 50000
  reference_bases_count: 10000000
  reference_coverage: 0.1
  reference_size: 20000
  sd_sb: 25980.457079034124
  shared_bases_count: 2495768
  shared_coverage: 0.02495768
  total_genome_length: 100000000
  zscore_sb: -0.1625882692471445
