by_chromosomes:
  chr1:
    mean_sb: 125.00624981235019
    pvalue_sb: 0.20555795406713717
    query_bases_count: 25000
    query_coverage: 0.25
    query_size: 500
    reference_bases_count: 500
    reference_coverage: 0.005
    reference_size: 10
    sd_sb: 55.95813345593351
    shared_bases_count: 171
    shared_coverage: 0.00171
    zscore_sb: 0.8219314574505857
total:
  mean_sb: 125.00624981235019
  pvalue_sb: 0.20555795406713717
  query_bases_count: 25000
  query_coverage: 0.25
  query_size: 500
  reference_bases_count: 500
  reference_coverage: 0.005
  reference_size: 10
  sd_sb: 55.95813345593351
  shared_bases_count: 171
  shared_coverage: 0.00171
  total_genome_length: 100000
  zscore_sb: 0.8219314574505857
