by_chromosomes:
  chr1:
    mean_sb: 2500.0001249449533
    pvalue_sb: 0.8142779815076313
    query_bases_count: 25000000
    query_coverage: 0.25
    query_size: 50000
    reference_bases_count: 10000
    reference_coverage: 0.0001
    reference_size: 20
    sd_sb: 793.2675648912973
    shared_bases_count: 1791
    shared_coverage: 1.791e-05
    zscore_sb: -0.8937717314108371
total:
  mean_sb: 2500.0001249449533
  pvalue_sb: 0.8142779815076313
  query_bases_count: 25000000
  query_coverage: 0.25
  query_size: 50000
  reference_bases_count: 10000
  reference_coverage: 0.0001
  reference_size: 20
  sd_sb: 793.2675648912973
  shared_bases_count: 1791
  shared_coverage: 1.791e-05
  total_genome_length: 100000000
  zscore_sb: -0.8937717314108371
