by_chromosomes:
  chr1:
    mean_sb: 12.5006249812259
    pvalue_sb: 0.7043297551599634
    query_bases_count: 25000
    query_coverage: 0.25
    query_size: 500
    reference_bases_count: 50
    reference_coverage: 0.0005
    reference_size: 1
    sd_sb: 17.695515532527157
    shared_bases_count: 3
    shared_coverage: 3.0e-05
    zscore_sb: -0.5368945009690308
total:
  mean_sb: 12.5006249812259
  pvalue_sb: 0.7043297551599634
  query_bases_count: 25000
  query_coverage: 0.25
  query_size: 500
  reference_bases_count: 50
  reference_coverage: 0.0005
  reference_size: 1
  sd_sb: 17.695515532527157
  shared_bases_count: 3
  shared_coverage: 3.0e-05
  total_genome_length: 100000
  zscore_sb: -0.5368945009690308
