by_chromosomes:
  chr1:
    mean_sb: 2500.1249962466995
    pvalue_sb: 0.5186207462567508
    query_bases_count: 25000
    query_coverage: 0.25
    query_size: 500
    reference_bases_count: 10000
    reference_coverage: 0.1
    reference_size: 200
    sd_sb: 259.6789903094171
    shared_bases_count: 2488
    shared_coverage: 0.02488
    zscore_sb: -0.046692249658903805
total:
  mean_sb: 2500.1249962466995
  pvalue_sb: 0.5186207462567508
  query_bases_count: 25000
  query_coverage: 0.25
  query_size: 500
  reference_bases_count: 10000
  reference_coverage: 0.1
  reference_size: 200
  sd_sb: 259.6789903094171
  shared_bases_count: 2488
  shared_coverage: 0.02488
  total_genome_length: 100000
  zscore_sb: -0.046692249658903805
