by_chromosomes:
  chr1:
    mean_sb: 25.00124996245509
    pvalue_sb: 0.34474522870982083
    query_bases_count: 25000
    query_coverage: 0.25
    query_size: 500
    reference_bases_count: 100
    reference_coverage: 0.001
    reference_size: 2
    sd_sb: 25.025238059291155
    shared_bases_count: 35
    shared_coverage: 0.00035
    zscore_sb: 0.3995466502198831
total:
  mean_sb: 25.00124996245509
  pvalue_sb: 0.34474522870982083
  query_bases_count: 25000
  query_coverage: 0.25
  query_size: 500
  reference_bases_count: 100
  reference_coverage: 0.001
  reference_size: 2
  sd_sb: 25.025238059291155
  shared_bases_count: 35
  shared_coverage: 0.00035
  total_genome_length: 100000
  zscore_sb: 0.3995466502198831
