by_chromosomes:
  chr1:
    mean_sb: 5000.249992494037
    pvalue_sb: 0.39911275684249936
    query_bases_count: 25000
    query_coverage: 0.25
    query_size: 500
    reference_bases_count: 20000
    reference_coverage: 0.2
    reference_size: 400
    sd_sb: 378.4555734758775
    shared_bases_count: 5097
    shared_coverage: 0.05097
    zscore_sb: 0.2556442929810104
total:
  mean_sb: 5000.249992494037
  pvalue_sb: 0.39911275684249936
  query_bases_count: 25000
  query_coverage: 0.25
  query_size: 500
  reference_bases_count: 20000
  reference_coverage: 0.2
  reference_size: 400
  sd_sb: 378.4555734758775
  shared_bases_count: 5097
  shared_coverage: 0.05097
  total_genome_length: 100000
  zscore_sb: 0.2556442929810104
