by_chromosomes:
  chr1:
    mean_sb: 2000.3399897956665
    pvalue_sb: 0.33666420491974713
    query_bases_count: 10000
    query_coverage: 0.1
    query_size: 1000
    reference_bases_count: 20000
    reference_coverage: 0.2
    reference_size: 15986
    sd_sb: 86.95770524258921
    shared_bases_count: 2037
    shared_coverage: 0.02037
    zscore_sb: 0.42158437946426675
total:
  mean_sb: 2000.3399897956665
  pvalue_sb: 0.33666420491974713
  query_bases_count: 10000
  query_coverage: 0.1
  query_size: 1000
  reference_bases_count: 20000
  reference_coverage: 0.2
  reference_size: 15986
  sd_sb: 86.95770524258921
  shared_bases_count: 2037
  shared_coverage: 0.02037
  total_genome_length: 100000
  zscore_sb: 0.42158437946426675
