by_chromosomes:
  chr1:
    mean_sb: 25.001249962466698
    pvalue_sb: 0.3595780069319928
    query_bases_count: 25000
    query_coverage: 0.25
    query_size: 500
    reference_bases_count: 100
    reference_coverage: 0.001
    reference_size: 2
    sd_sb: 25.025238059291866
    shared_bases_count: 34
    shared_coverage: 0.00034
    zscore_sb: 0.3595869903899703
total:
  mean_sb: 25.001249962466698
  pvalue_sb: 0.3595780069319928
  query_bases_count: 25000
  query_coverage: 0.25
  query_size: 500
  reference_bases_count: 100
  reference_coverage: 0.001
  reference_size: 2
  sd_sb: 25.025238059291866
  shared_bases_count: 34
  shared_coverage: 0.00034
  total_genome_length: 100000
  zscore_sb: 0.3595869903899703
