by_chromosomes:
  chr1:
    mean_sb: 10.001699948976658
    pvalue_sb: 0.8398425288130551
    query_bases_count: 10000
    query_coverage: 0.1
    query_size: 1000
    reference_bases_count: 100
    reference_coverage: 0.001
    reference_size: 100
    sd_sb: 3.0203934903285923
    shared_bases_count: 7
    shared_coverage: 7.0e-05
    zscore_sb: -0.9938108920537033
total:
  mean_sb: 10.001699948976658
  pvalue_sb: 0.8398425288130551
  query_bases_count: 10000
  query_coverage: 0.1
  query_size: 1000
  reference_bases_count: 100
  reference_coverage: 0.001
  reference_size: 100
  sd_sb: 3.0203934903285923
  shared_bases_count: 7
  shared_coverage: 7.0e-05
  total_genome_length: 100000
  zscore_sb: -0.9938108920537033
