by_chromosomes:
  chr1:
    mean_sb: 6250.000312321107
    pvalue_sb: 0.6487310676837307
    query_bases_count: 25000000
    query_coverage: 0.25
    query_size: 50000
    reference_bases_count: 25000
    reference_coverage: 0.00025
    reference_size: 50
    sd_sb: 1254.266149719494
    shared_bases_count: 5771
    shared_coverage: 5.771e-05
    zscore_sb: -0.38189686648900745
total:
  mean_sb: 6250.000312321107
  pvalue_sb: 0.6487310676837307
  query_bases_count: 25000000
  query_coverage: 0.25
  query_size: 50000
  reference_bases_count: 25000
  reference_coverage: 0.00025
  reference_size: 50
  sd_sb: 1254.266149719494
  shared_bases_count: 5771
  shared_coverage: 5.771e-05
  total_genome_length: 100000000
  zscore_sb: -0.38189686648900745
