by_chromosomes:
  chr1:
    mean_sb: 1250000.0624620696
    pvalue_sb: 0.6307541348640959
    query_bases_count: 25000000
    query_coverage: 0.25
    query_size: 50000
    reference_bases_count: 5000000
    reference_coverage: 0.05
    reference_size: 10000
    sd_sb: 18041.150374396675
    shared_bases_count: 1243977
    shared_coverage: 0.01243977
    zscore_sb: -0.33385135299450386
total:
  mean_sb: 1250000.0624620696
  pvalue_sb: 0.6307541348640959
  query_bases_count: 25000000
  query_coverage: 0.25
  query_size: 50000
  reference_bases_count: 5000000
  reference_coverage: 0.05
  reference_size: 10000
  sd_sb: 18041.150374396675
  shared_bases_count: 1243977
  shared_coverage: 0.01243977
  total_genome_length: 100000000
  zscore_sb: -0.33385135299450386
