by_chromosomes:
  chr1:
    mean_sb: 124999.94926309728
    pvalue_sb: 0.7442038869594927
    query_bases_count: 25000000
    query_coverage: 0.25
    query_size: 50000
    reference_bases_count: 500000
    reference_coverage: 0.005
    reference_size: 1000
    sd_sb: 5626.4042376804955
    shared_bases_count: 121307
    shared_coverage: 0.00121307
    zscore_sb: -0.6563604581351088
total:
  mean_sb: 124999.94926309728
  pvalue_sb: 0.7442038869594927
  query_bases_count: 25000000
  query_coverage: 0.25
  query_size: 50000
  reference_bases_count: 500000
  reference_coverage: 0.005
  reference_size: 1000
  sd_sb: 5626.4042376804955
  shared_bases_count: 121307
  shared_coverage: 0.00121307
  total_genome_length: 100000000
  zscore_sb: -0.6563604581351088
