by_chromosomes:
  chr1:
    mean_sb: 20.003399897953056
    pvalue_sb: 0.32273625526158467
    query_bases_count: 10000
    query_coverage: 0.1
    query_size: 1000
    reference_bases_count: 200
    reference_coverage: 0.002
    reference_size: 200
    sd_sb: 4.339860474204397
    shared_bases_count: 22
    shared_coverage: 0.00022
    zscore_sb: 0.4600608968685727
total:
  mean_sb: 20.003399897953056
  pvalue_sb: 0.32273625526158467
  query_bases_count: 10000
  query_coverage: 0.1
  query_size: 1000
  reference_bases_count: 200
  reference_coverage: 0.002
  reference_size: 200
  sd_sb: 4.339860474204397
  shared_bases_count: 22
  shared_coverage: 0.00022
  total_genome_length: 100000
  zscore_sb: 0.4600608968685727
