by_chromosomes:
  chr1:
    mean_sb: 50.00249992495028
    pvalue_sb: 0.5673396505230457
    query_bases_count: 25000
    query_coverage: 0.25
    query_size: 500
    reference_bases_count: 200
    reference_coverage: 0.002
    reference_size: 4
    sd_sb: 35.39103106507387
    shared_bases_count: 44
    shared_coverage: 0.00044
    zscore_sb: -0.16960511588129262
total:
  mean_sb: 50.00249992495028
  pvalue_sb: 0.5673396505230457
  query_bases_count: 25000
  query_coverage: 0.25
  query_size: 500
  reference_bases_count: 200
  reference_coverage: 0.002
  reference_size: 4
  sd_sb: 35.39103106507387
  shared_bases_count: 44
  shared_coverage: 0.00044
  total_genome_length: 100000
  zscore_sb: -0.16960511588129262
