by_chromosomes:
  chr1:
    mean_sb: 2500000.1235399297
    pvalue_sb: 0.3303036033272835
    query_bases_count: 25000000
    query_coverage: 0.25
    query_size: 50000
    reference_bases_count: 10000000
    reference_coverage: 0.1
    reference_size: 20000
    sd_sb: 25963.393373266725
    shared_bases_count: 2511400
    shared_coverage: 0.025114
    zscore_sb: 0.43907498130841605
total:
  mean_sb: 2500000.1235399297
  pvalue_sb: 0.3303036033272835
  query_bases_count: 25000000
  query_coverage: 0.25
  query_size: 50000
  reference_bases_count: 10000000
  reference_coverage: 0.1
  reference_size: 20000
  sd_sb: 25963.393373266725
  shared_bases_count: 2511400
  shared_coverage: 0.025114
  total_genome_length: 100000000
  zscore_sb: 0.43907498130841605
