by_chromosomes:
  chr1:
    mean_sb: 50.00249992491433
    pvalue_sb: 0.10178644400519177
    query_bases_count: 25000
    query_coverage: 0.25
    query_size: 500
    reference_bases_count: 200
    reference_coverage: 0.002
    reference_size: 4
    sd_sb: 35.39103106509116
    shared_bases_count: 95
    shared_coverage: 0.00095
    zscore_sb: 1.2714379525232338
total:
  mean_sb: 50.00249992491433
  pvalue_sb: 0.10178644400519177
  query_bases_count: 25000
  query_coverage: 0.25
  query_size: 500
  reference_bases_count: 200
  reference_coverage: 0.002
  reference_size: 4
  sd_sb: 35.39103106509116
  shared_bases_count: 95
  shared_coverage: 0.00095
  total_genome_length: 100000
  zscore_sb: 1.2714379525232338
