by_chromosomes:
  chr1:
    mean_sb: 625000.0312310626
    pvalue_sb: 0.34284040854327236
    query_bases_count: 25000000
    query_coverage: 0.25
    query_size: 50000
    reference_bases_count: 2500000
    reference_coverage: 0.025
    reference_size: 5000
    sd_sb: 12640.653786386014
    shared_bases_count: 630116
    shared_coverage: 0.00630116
    zscore_sb: 0.4047234308756515
total:
  mean_sb: 625000.0312310626
  pvalue_sb: 0.34284040854327236
  query_bases_count: 25000000
  query_coverage: 0.25
  query_size: 50000
  reference_bases_count: 2500000
  reference_coverage: 0.025
  reference_size: 5000
  sd_sb: 12640.653786386014
  shared_bases_count: 630116
  shared_coverage: 0.00630116
  total_genome_length: 100000000
  zscore_sb: 0.4047234308756515
