by_chromosomes:
  chr1:
    mean_sb: 12500.000624630513
    pvalue_sb: 0.9281838156342106
    query_bases_count: 25000000
    query_coverage: 0.25
    query_size: 50000
    reference_bases_count: 50000
    reference_coverage: 0.0005
    reference_size: 100
    sd_sb: 1773.8002002305554
    shared_bases_count: 9906
    shared_coverage: 9.906e-05
    zscore_sb: -1.4623973006054174
total:
  mean_sb: 12500.000624630513
  pvalue_sb: 0.9281838156342106
  query_bases_count: 25000000
  query_coverage: 0.25
  query_size: 50000
  reference_bases_count: 50000
  reference_coverage: 0.0005
  reference_size: 100
  sd_sb: 1773.8002002305554
  shared_bases_count: 9906
  shared_coverage: 9.906e-05
  total_genome_length: 100000000
  zscore_sb: -1.4623973006054174
