by_chromosomes:
  chr1:
    mean_sb: 100.01699948978741
    pvalue_sb: 0.1633505748219597
    query_bases_count: 10000
    query_coverage: 0.1
    query_size: 1000
    reference_bases_count: 1000
    reference_coverage: 0.01
    reference_size: 989
    sd_sb: 10.17863188844219
    shared_bases_count: 110
    shared_coverage: 0.0011
    zscore_sb: 0.9807801892853855
total:
  mean_sb: 100.01699948978741
  pvalue_sb: 0.1633505748219597
  query_bases_count: 10000
  query_coverage: 0.1
  query_size: 1000
  reference_bases_count: 1000
  reference_coverage: 0.01
  reference_size: 989
  sd_sb: 10.17863188844219
  shared_bases_count: 110
  shared_coverage: 0.0011
  total_genome_length: 100000
  zscore_sb: 0.9807801892853855
