by_chromosomes:
  chr1:
    mean_sb: 62500.003123153125
    pvalue_sb: 0.13149839397726554
    query_bases_count: 25000000
    query_coverage: 0.25
    query_size: 50000
    reference_bases_count: 250000
    reference_coverage: 0.0025
    reference_size: 500
    sd_sb: 3968.42105453578
    shared_bases_count: 66942
    shared_coverage: 0.00066942
    zscore_sb: 1.119336082487974
total:
  mean_sb: 62500.003123153125
  pvalue_sb: 0.13149839397726554
  query_bases_count: 25000000
  query_coverage: 0.25
  query_size: 50000
  reference_bases_count: 250000
  reference_coverage: 0.0025
  reference_size: 500
  sd_sb: 3968.42105453578
  shared_bases_count: 66942
  shared_coverage: 0.00066942
  total_genome_length: 100000000
  zscore_sb: 1.119336082487974
