by_chromosomes:
  chr1:
    mean_sb: 250.01249962468236
    pvalue_sb: 0.8440076427217345
    query_bases_count: 25000
    query_coverage: 0.25
    query_size: 500
    reference_bases_count: 1000
    reference_coverage: 0.01
    reference_size: 20
    sd_sb: 79.13675125561932
    shared_bases_count: 170
    shared_coverage: 0.0017
    zscore_sb: -1.0110662663701508
total:
  mean_sb: 250.01249962468236
  pvalue_sb: 0.8440076427217345
  query_bases_count: 25000
  query_coverage: 0.25
  query_size: 500
  reference_bases_count: 1000
  reference_coverage: 0.01
  reference_size: 20
  sd_sb: 79.13675125561932
  shared_bases_count: 170
  shared_coverage: 0.0017
  total_genome_length: 100000
  zscore_sb: -1.0110662663701508
