by_chromosomes:
  chr1:
    mean_sb: 25000.001249254983
    pvalue_sb: 0.9843726899128978
    query_bases_count: 25000000
    query_coverage: 0.25
    query_size: 50000
    reference_bases_count: 100000
    reference_coverage: 0.001
    reference_size: 200
    sd_sb: 2508.5716477995934
    shared_bases_count: 19597
    shared_coverage: 0.00019597
    zscore_sb: -2.1538157995185245
total:
  mean_sb: 25000.001249254983
  pvalue_sb: 0.9843726899128978
  query_bases_count: 25000000
  query_coverage: 0.25
  query_size: 50000
  reference_bases_count: 100000
  reference_coverage: 0.001
  reference_size: 200
  sd_sb: 2508.5716477995934
  shared_bases_count: 19597
  shared_coverage: 0.00019597
  total_genome_length: 100000000
  zscore_sb: -2.1538157995185245
