by_chromosomes:
  chr1:
    mean_sb: 6250.000312313949
    pvalue_sb: 0.8316538620855116
    query_bases_count: 25000000
    query_coverage: 0.25
    query_size: 50000
    reference_bases_count: 25000
    reference_coverage: 0.00025
    reference_size: 50
    sd_sb: 1254.2661497215204
    shared_bases_count: 5045
    shared_coverage: 5.045e-05
    zscore_sb: -0.9607213848364562
total:
  mean_sb: 6250.000312313949
  pvalue_sb: 0.8316538620855116
  query_bases_count: 25000000
  query_coverage: 0.25
  query_size: 50000
  reference_bases_count: 25000
  reference_coverage: 0.00025
  reference_size: 50
  sd_sb: 1254.2661497215204
  shared_bases_count: 5045
  shared_coverage: 5.045e-05
  total_genome_length: 100000000
  zscore_sb: -0.9607213848364562
