by_chromosomes:
  chr1:
    mean_sb: 1000.1699948978414
    pvalue_sb: 0.8511264881358344
    query_bases_count: 10000
    query_coverage: 0.1
    query_size: 1000
    reference_bases_count: 10000
    reference_coverage: 0.1
    reference_size: 9041
    sd_sb: 48.18122029433744
    shared_bases_count: 950
    shared_coverage: 0.0095
    zscore_sb: -1.0412769662402623
total:
  mean_sb: 1000.1699948978414
  pvalue_sb: 0.8511264881358344
  query_bases_count: 10000
  query_coverage: 0.1
  query_size: 1000
  reference_bases_count: 10000
  reference_coverage: 0.1
  reference_size: 9041
  sd_sb: 48.18122029433744
  shared_bases_count: 950
  shared_coverage: 0.0095
  total_genome_length: 100000
  zscore_sb: -1.0412769662402623
