by_chromosomes:
  chr1:
    mean_sb: 50.00249992498799
    pvalue_sb: 0.3673054978696062
    query_bases_count: 25000
    query_coverage: 0.25
    query_size: 500
    reference_bases_count: 200
    reference_coverage: 0.002
    reference_size: 4
    sd_sb: 35.39103106507396
    shared_bases_count: 62
    shared_coverage: 0.00062
    zscore_sb: 0.3389983200249818
total:
  mean_sb: 50.00249992498799
  pvalue_sb: 0.3673054978696062
  query_bases_count: 25000
  query_coverage: 0.25
  query_size: 500
  reference_bases_count: 200
  reference_coverage: 0.002
  reference_size: 4
  sd_sb: 35.39103106507396
  shared_bases_count: 62
  shared_coverage: 0.00062
  total_genome_length: 100000
  zscore_sb: 0.3389983200249818
