by_chromosomes:
  chr1:
    mean_sb: 1250000.0624623813
    pvalue_sb: 0.583515782995593
    query_bases_count: 25000000
    query_coverage: 0.25
    query_size: 50000
    reference_bases_count: 5000000
    reference_coverage: 0.05
    reference_size: 10000
    sd_sb: 18028.140218983273
    shared_bases_count: 1246198
    shared_coverage: 0.01246198
    zscore_sb: -0.21089598905925375
total:
  mean_sb: 1250000.0624623813
  pvalue_sb: 0.583515782995593
  query_bases_count: 25000000
  query_coverage: 0.25
  query_size: 50000
  reference_bases_count: 5000000
  reference_coverage: 0.05
  reference_size: 10000
  sd_sb: 18028.140218983273
  shared_bases_count: 1246198
  shared_coverage: 0.01246198
  total_genome_length: 100000000
  zscore_sb: -0.21089598905925375
