by_chromosomes:
  chr1:
    mean_sb: 125000.00624611926
    pvalue_sb: 0.43158522035690966
    query_bases_count: 25000000
    query_coverage: 0.25
    query_size: 50000
    reference_bases_count: 500000
    reference_coverage: 0.005
    reference_size: 1000
    sd_sb: 5622.5785905959965
    shared_bases_count: 125969
    shared_coverage: 0.00125969
    zscore_sb: 0.17233974381459488
total:
  mean_sb: 125000.00624611926
  pvalue_sb: 0.43158522035690966
  query_bases_count: 25000000
  query_coverage: 0.25
  query_size: 50000
  reference_bases_count: 500000
  reference_coverage: 0.005
  reference_size: 1000
  sd_sb: 5622.5785905959965
  shared_bases_count: 125969
  shared_coverage: 0.00125969
  total_genome_length: 100000000
  zscore_sb: 0.17233974381459488
