by_chromosomes:
  chr1:
    mean_sb: 250000.0124924245
    pvalue_sb: 0.08095980480135673
    query_bases_count: 25000000
    query_coverage: 0.25
    query_size: 50000
    reference_bases_count: 1000000
    reference_coverage: 0.01
    reference_size: 2000
    sd_sb: 7964.845510835873
    shared_bases_count: 261140
    shared_coverage: 0.0026114
    zscore_sb: 1.3986445176394178
total:
  mean_sb: 250000.0124924245
  pvalue_sb: 0.08095980480135673
  query_bases_count: 25000000
  query_coverage: 0.25
  query_size: 50000
  reference_bases_count: 1000000
  reference_coverage: 0.01
  reference_size: 2000
  sd_sb: 7964.845510835873
  shared_bases_count: 261140
  shared_coverage: 0.0026114
  total_genome_length: 100000000
  zscore_sb: 1.3986445176394178
