by_chromosomes:
  chr1:
    mean_sb: 25000.001249250163
    pvalue_sb: 0.5230447105270006
    query_bases_count: 25000000
    query_coverage: 0.25
    query_size: 50000
    reference_bases_count: 100000
    reference_coverage: 0.001
    reference_size: 200
    sd_sb: 2508.8160308139586
    shared_bases_count: 24855
    shared_coverage: 0.00024855
    zscore_sb: -0.05779668475855513
total:
  mean_sb: 25000.001249250163
  pvalue_sb: 0.5230447105270006
  query_bases_count: 25000000
  query_coverage: 0.25
  query_size: 50000
  reference_bases_count: 100000
  reference_coverage: 0.001
  reference_size: 200
  sd_sb: 2508.8160308139586
  shared_bases_count: 24855
  shared_coverage: 0.00024855
  total_genome_length: 100000000
  zscore_sb: -0.05779668475855513
