by_chromosomes:
  chr1:
    mean_sb: 5000.249992493582
    pvalue_sb: 0.0883401525232182
    query_bases_count: 25000
    query_coverage: 0.25
    query_size: 500
    reference_bases_count: 20000
    reference_coverage: 0.2
    reference_size: 400
    sd_sb: 379.5204176301071
    shared_bases_count: 5513
    shared_coverage: 0.05513
    zscore_sb: 1.3510472261499276
total:
  mean_sb: 5000.249992493582
  pvalue_sb: 0.0883401525232182
  query_bases_count: 25000
  query_coverage: 0.25
  query_size: 500
  reference_bases_count: 20000
  reference_coverage: 0.2
  reference_size: 400
  sd_sb: 379.5204176301071
  shared_bases_count: 5513
  shared_coverage: 0.05513
  total_genome_length: 100000
  zscore_sb: 1.3510472261499276
