by_chromosomes:
  chr1:
    mean_sb: 5000.249992493598
    pvalue_sb: 0.26280562514459255
    query_bases_count: 25000
    query_coverage: 0.25
    query_size: 500
    reference_bases_count: 20000
    reference_coverage: 0.2
    reference_size: 400
    sd_sb: 380.87680560121936
    shared_bases_count: 5242
    shared_coverage: 0.05242
    zscore_sb: 0.6347196887581431
total:
  mean_sb: 5000.249992493598
  pvalue_sb: 0.26280562514459255
  query_bases_count: 25000
  query_coverage: 0.25
  query_size: 500
  reference_bases_count: 20000
  reference_coverage: 0.2
  reference_size: 400
  sd_sb: 380.87680560121936
  shared_bases_count: 5242
  shared_coverage: 0.05242
  total_genome_length: 100000
  zscore_sb: 0.6347196887581431
