by_chromosomes:
  chr1:
    mean_sb: 125.00624981241444
    pvalue_sb: 0.9183428483740252
    query_bases_count: 25000
    query_coverage: 0.25
    query_size: 500
    reference_bases_count: 500
    reference_coverage: 0.005
    reference_size: 10
    sd_sb: 55.95813345551223
    shared_bases_count: 47
    shared_coverage: 0.00047
    zscore_sb: -1.3940109327347538
total:
  mean_sb: 125.00624981241444
  pvalue_sb: 0.9183428483740252
  query_bases_count: 25000
  query_coverage: 0.25
  query_size: 500
  reference_bases_count: 500
  reference_coverage: 0.005
  reference_size: 10
  sd_sb: 55.95813345551223
  shared_bases_count: 47
  shared_coverage: 0.00047
  total_genome_length: 100000
  zscore_sb: -1.3940109327347538
