by_chromosomes:
  chr1:
    mean_sb: 625000.0312312333
    pvalue_sb: 0.20655028047010987
    query_bases_count: 25000000
    query_coverage: 0.25
    query_size: 50000
    reference_bases_count: 2500000
    reference_coverage: 0.025
    reference_size: 5000
    sd_sb: 12640.937090416344
    shared_bases_count: 635346
    shared_coverage: 0.00635346
    zscore_sb: 0.8184495100929265
total:
  mean_sb: 625000.0312312333
  pvalue_sb: 0.20655028047010987
  query_bases_count: 25000000
  query_coverage: 0.25
  query_size: 50000
  reference_bases_count: 2500000
  reference_coverage: 0.025
  reference_size: 5000
  sd_sb: 12640.937090416344
  shared_bases_count: 635346
  shared_coverage: 0.00635346
  total_genome_length: 100000000
  zscore_sb: 0.8184495100929265
