by_chromosomes:
  chr1:
    mean_sb: 12.500624981234129
    pvalue_sb: 0.46623725908407554
    query_bases_count: 25000
    query_coverage: 0.25
    query_size: 500
    reference_bases_count: 50
    reference_coverage: 0.0005
    reference_size: 1
    sd_sb: 17.695515532530077
    shared_bases_count: 14
    shared_coverage: 0.00014
    zscore_sb: 0.08473192069536117
total:
  mean_sb: 12.500624981234129
  pvalue_sb: 0.46623725908407554
  query_bases_count: 25000
  query_coverage: 0.25
  query_size: 500
  reference_bases_count: 50
  reference_coverage: 0.0005
  reference_size: 1
  sd_sb: 17.695515532530077
  shared_bases_count: 14
  shared_coverage: 0.00014
  total_genome_length: 100000
  zscore_sb: 0.08473192069536117
