by_chromosomes:
  chr1:
    mean_sb: 2499999.5675838864
    pvalue_sb: 0.5987899830331329
    query_bases_count: 25000000
    query_coverage: 0.25
    query_size: 50000
    reference_bases_count: 10000000
    reference_coverage: 0.1
    reference_size: 20000
    sd_sb: 25979.78636245637
    shared_bases_count: 2493499
    shared_coverage: 0.02493499
    zscore_sb: -0.2502163602577057
total:
  mean_sb: 2499999.5675838864
  pvalue_sb: 0.5987899830331329
  query_bases_count: 25000000
  query_coverage: 0.25
  query_size: 50000
  reference_bases_count: 10000000
  reference_coverage: 0.1
  reference_size: 20000
  sd_sb: 25979.78636245637
  shared_bases_count: 2493499
  shared_coverage: 0.02493499
  total_genome_length: 100000000
  zscore_sb: -0.2502163602577057
