by_chromosomes:
  chr1:
    mean_sb: 250000.0110315786
    pvalue_sb: 0.45253279766419474
    query_bases_count: 25000000
    query_coverage: 0.25
    query_size: 50000
    reference_bases_count: 1000000
    reference_coverage: 0.01
    reference_size: 2000
    sd_sb: 7956.993374448824
    shared_bases_count: 250949
    shared_coverage: 0.00250949
    zscore_sb: 0.11926476795478702
total:
  mean_sb: 250000.0110315786
  pvalue_sb: 0.45253279766419474
  query_bases_count: 25000000
  query_coverage: 0.25
  query_size: 50000
  reference_bases_count: 1000000
  reference_coverage: 0.01
  reference_size: 2000
  sd_sb: 7956.993374448824
  shared_bases_count: 250949
  shared_coverage: 0.00250949
  total_genome_length: 100000000
  zscore_sb: 0.11926476795478702
