by_chromosomes:
  chr1:
    mean_sb: 50.00249992495859
    pvalue_sb: 0.6003960469725337
    query_bases_count: 25000
    query_coverage: 0.25
    query_size: 500
    reference_bases_count: 200
    reference_coverage: 0.002
    reference_size: 4
    sd_sb: 35.39103106508946
    shared_bases_count: 41
    shared_coverage: 0.00041
    zscore_sb: -0.25437235519930557
total:
  mean_sb: 50.00249992495859
  pvalue_sb: 0.6003960469725337
  query_bases_count: 25000
  query_coverage: 0.25
  query_size: 500
  reference_bases_count: 200
  reference_coverage: 0.002
  reference_size: 4
  sd_sb: 35.39103106508946
  shared_bases_count: 41
  shared_coverage: 0.00041
  total_genome_length: 100000
  zscore_sb: -0.25437235519930557
