by_chromosomes:
  chr1:
    mean_sb: 1250.0000624739557
    pvalue_sb: 0.008997145335042603
    query_bases_count: 25000000
    query_coverage: 0.25
    query_size: 50000
    reference_bases_count: 5000
    reference_coverage: 5.0e-05
    reference_size: 10
    sd_sb: 560.924874412668
    shared_bases_count: 2577
    shared_coverage: 2.577e-05
    zscore_sb: 2.3657355878815616
total:
  mean_sb: 1250.0000624739557
  pvalue_sb: 0.008997145335042603
  query_bases_count: 25000000
  query_coverage: 0.25
  query_size: 50000
  reference_bases_count: 5000
  reference_coverage: 5.0e-05
  reference_size: 10
  sd_sb: 560.924874412668
  shared_bases_count: 2577
  shared_coverage: 2.577e-05
  total_genome_length: 100000000
  zscore_sb: 2.3657355878815616
