by_chromosomes:
  chr1:
    mean_sb: 5000.249992493927
    pvalue_sb: 0.9118207916758145
    query_bases_count: 25000
    query_coverage: 0.25
    query_size: 500
    reference_bases_count: 20000
    reference_coverage: 0.2
    reference_size: 400
    sd_sb: 380.3475592342419
    shared_bases_count: 4486
    shared_coverage: 0.04486
    zscore_sb: -1.3520528264445066
total:
  mean_sb: 5000.249992493927
  pvalue_sb: 0.9118207916758145
  query_bases_count: 25000
  query_coverage: 0.25
  query_size: 500
  reference_bases_count: 20000
  reference_coverage: 0.2
  reference_size: 400
  sd_sb: 380.3475592342419
  shared_bases_count: 4486
  shared_coverage: 0.04486
  total_genome_length: 100000
  zscore_sb: -1.3520528264445066
