by_chromosomes:
  chr1:
    mean_sb: 625000.031231241
    pvalue_sb: 0.739061019432159
    query_bases_count: 25000000
    query_coverage: 0.25
    query_size: 50000
    reference_bases_count: 2500000
    reference_coverage: 0.025
    reference_size: 5000
    sd_sb: 12648.902939723024
    shared_bases_count: 616899
    shared_coverage: 0.00616899
    zscore_sb: -0.6404532685439628
total:
  mean_sb: 625000.031231241
  pvalue_sb: 0.739061019432159
  query_bases_count: 25000000
  query_coverage: 0.25
  query_size: 50000
  reference_bases_count: 2500000
  reference_coverage: 0.025
  reference_size: 5000
  sd_sb: 12648.902939723024
  shared_bases_count: 616899
  shared_coverage: 0.00616899
  total_genome_length: 100000000
  zscore_sb: -0.6404532685439628
