by_chromosomes:
  chr1:
    mean_sb: 2500.1249962466127
    pvalue_sb: 0.4083571462803262
    query_bases_count: 25000
    query_coverage: 0.25
    query_size: 500
    reference_bases_count: 10000
    reference_coverage: 0.1
    reference_size: 200
    sd_sb: 258.33462763929094
    shared_bases_count: 2560
    shared_coverage: 0.0256
    zscore_sb: 0.23177304684445857
total:
  mean_sb: 2500.1249962466127
  pvalue_sb: 0.4083571462803262
  query_bases_count: 25000
  query_coverage: 0.25
  query_size: 500
  reference_bases_count: 10000
  reference_coverage: 0.1
  reference_size: 200
  sd_sb: 258.33462763929094
  shared_bases_count: 2560
  shared_coverage: 0.0256
  total_genome_length: 100000
  zscore_sb: 0.23177304684445857
