by_chromosomes:
  chr1:
    mean_sb: 1250000.0615710095
    pvalue_sb: 0.5205606717364665
    query_bases_count: 25000000
    query_coverage: 0.25
    query_size: 50000
    reference_bases_count: 5000000
    reference_coverage: 0.05
    reference_size: 10000
    sd_sb: 18018.758615553204
    shared_bases_count: 1249071
    shared_coverage: 0.01249071
    zscore_sb: -0.05156079787914113
total:
  mean_sb: 1250000.0615710095
  pvalue_sb: 0.5205606717364665
  query_bases_count: 25000000
  query_coverage: 0.25
  query_size: 50000
  reference_bases_count: 5000000
  reference_coverage: 0.05
  reference_size: 10000
  sd_sb: 18018.758615553204
  shared_bases_count: 1249071
  shared_coverage: 0.01249071
  total_genome_length: 100000000
  zscore_sb: -0.05156079787914113
