by_chromosomes:
  chr1:
    mean_sb: 500.02499924937894
    pvalue_sb: 0.1057399650614092
    query_bases_count: 25000
    query_coverage: 0.25
    query_size: 500
    reference_bases_count: 2000
    reference_coverage: 0.02
    reference_size: 40
    sd_sb: 112.82455670789895
    shared_bases_count: 641
    shared_coverage: 0.00641
    zscore_sb: 1.2495063562767028
total:
  mean_sb: 500.02499924937894
  pvalue_sb: 0.1057399650614092
  query_bases_count: 25000
  query_coverage: 0.25
  query_size: 500
  reference_bases_count: 2000
  reference_coverage: 0.02
  reference_size: 40
  sd_sb: 112.82455670789895
  shared_bases_count: 641
  shared_coverage: 0.00641
  total_genome_length: 100000
  zscore_sb: 1.2495063562767028
