by_chromosomes:
  chr1:
    mean_sb: 2500000.12283165
    pvalue_sb: 0.1617379853331367
    query_bases_count: 25000000
    query_coverage: 0.25
    query_size: 50000
    reference_bases_count: 10000000
    reference_coverage: 0.1
    reference_size: 20000
    sd_sb: 25966.613600761477
    shared_bases_count: 2525638
    shared_coverage: 0.02525638
    zscore_sb: 0.9873400344971559
total:
  mean_sb: 2500000.12283165
  pvalue_sb: 0.1617379853331367
  query_bases_count: 25000000
  query_coverage: 0.25
  query_size: 50000
  reference_bases_count: 10000000
  reference_coverage: 0.1
  reference_size: 20000
  sd_sb: 25966.613600761477
  shared_bases_count: 2525638
  shared_coverage: 0.02525638
  total_genome_length: 100000000
  zscore_sb: 0.9873400344971559
