by_chromosomes:
  chr1:
    mean_sb: 250.01249962467674
    pvalue_sb: 0.3111526408068952
    query_bases_count: 25000
    query_coverage: 0.25
    query_size: 500
    reference_bases_count: 1000
    reference_coverage: 0.01
    reference_size: 20
    sd_sb: 79.1486481357274
    shared_bases_count: 289
    shared_coverage: 0.00289
    zscore_sb: 0.49258580270967955
total:
  mean_sb: 250.01249962467674
  pvalue_sb: 0.3111526408068952
  query_bases_count: 25000
  query_coverage: 0.25
  query_size: 500
  reference_bases_count: 1000
  reference_coverage: 0.01
  reference_size: 20
  sd_sb: 79.1486481357274
  shared_bases_count: 289
  shared_coverage: 0.00289
  total_genome_length: 100000
  zscore_sb: 0.49258580270967955
