by_chromosomes:
  chr1:
    mean_sb: 1250.0624981233032
    pvalue_sb: 0.13898342892227733
    query_bases_count: 25000
    query_coverage: 0.25
    query_size: 500
    reference_bases_count: 5000
    reference_coverage: 0.05
    reference_size: 100
    sd_sb: 179.68280113769643
    shared_bases_count: 1445
    shared_coverage: 0.01445
    zscore_sb: 1.084897945949263
total:
  mean_sb: 1250.0624981233032
  pvalue_sb: 0.13898342892227733
  query_bases_count: 25000
  query_coverage: 0.25
  query_size: 500
  reference_bases_count: 5000
  reference_coverage: 0.05
  reference_size: 100
  sd_sb: 179.68280113769643
  shared_bases_count: 1445
  shared_coverage: 0.01445
  total_genome_length: 100000
  zscore_sb: 1.084897945949263
