by_chromosomes:
  chr1:
    mean_sb: 125.00624981235335
    pvalue_sb: 0.7681604958274542
    query_bases_count: 25000
    query_coverage: 0.25
    query_size: 500
    reference_bases_count: 500
    reference_coverage: 0.005
    reference_size: 10
    sd_sb: 55.9581334537888
    shared_bases_count: 84
    shared_coverage: 0.00084
    zscore_sb: -0.7328023163284569
total:
  mean_sb: 125.00624981235335
  pvalue_sb: 0.7681604958274542
  query_bases_count: 25000
  query_coverage: 0.25
  query_size: 500
  reference_bases_count: 500
  reference_coverage: 0.005
  reference_size: 10
  sd_sb: 55.9581334537888
  shared_bases_count: 84
  shared_coverage: 0.00084
  total_genome_length: 100000
  zscore_sb: -0.7328023163284569
