by_chromosomes:
  chr1:
    mean_sb: 2499971.2327395077
    pvalue_sb: 0.045915137969426666
    query_bases_count: 25000000
    query_coverage: 0.25
    query_size: 50000
    reference_bases_count: 10000000
    reference_coverage: 0.1
    reference_size: 20000
    sd_sb: 25971.183467166924
    shared_bases_count: 2543754
    shared_coverage: 0.02543754
    zscore_sb: 1.6858210299058192
total:
  mean_sb: 2499971.2327395077
  pvalue_sb: 0.045915137969426666
  query_bases_count: 25000000
  query_coverage: 0.25
  query_size: 50000
  reference_bases_count: 10000000
  reference_coverage: 0.1
  reference_size: 20000
  sd_sb: 25971.183467166924
  shared_bases_count: 2543754
  shared_coverage: 0.02543754
  total_genome_length: 100000000
  zscore_sb: 1.6858210299058192
