by_chromosomes:
  chr1:
    mean_sb: 1250.0000624601087
    pvalue_sb: 0.969513507774729
    query_bases_count: 25000000
    query_coverage: 0.25
    query_size: 50000
    reference_bases_count: 5000
    reference_coverage: 5.0e-05
    reference_size: 10
    sd_sb: 560.9248744269171
    shared_bases_count: 199
    shared_coverage: 1.99e-06
    zscore_sb: -1.8736913094358478
total:
  mean_sb: 1250.0000624601087
  pvalue_sb: 0.969513507774729
  query_bases_count: 25000000
  query_coverage: 0.25
  query_size: 50000
  reference_bases_count: 5000
  reference_coverage: 5.0e-05
  reference_size: 10
  sd_sb: 560.9248744269171
  shared_bases_count: 199
  shared_coverage: 1.99e-06
  total_genome_length: 100000000
  zscore_sb: -1.8736913094358478
