by_chromosomes:
  chr1:
    mean_sb: 25000.0012492501
    pvalue_sb: 0.6766712082666633
    query_bases_count: 25000000
    query_coverage: 0.25
    query_size: 50000
    reference_bases_count: 100000
    reference_coverage: 0.001
    reference_size: 200
    sd_sb: 2508.6715248179135
    shared_bases_count: 23850
    shared_coverage: 0.0002385
    zscore_sb: -0.4584104526532515
total:
  mean_sb: 25000.0012492501
  pvalue_sb: 0.6766712082666633
  query_bases_count: 25000000
  query_coverage: 0.25
  query_size: 50000
  reference_bases_count: 100000
  reference_coverage: 0.001
  reference_size: 200
  sd_sb: 2508.6715248179135
  shared_bases_count: 23850
  shared_coverage: 0.0002385
  total_genome_length: 100000000
  zscore_sb: -0.4584104526532515
