by_chromosomes:
  chr1:
    mean_sb: 50.008499744887224
    pvalue_sb: 0.06067780965712138
    query_bases_count: 10000
    query_coverage: 0.1
    query_size: 1000
    reference_bases_count: 500
    reference_coverage: 0.005
    reference_size: 497
    sd_sb: 7.095371077293786
    shared_bases_count: 61
    shared_coverage: 0.00061
    zscore_sb: 1.5491085857774467
total:
  mean_sb: 50.008499744887224
  pvalue_sb: 0.06067780965712138
  query_bases_count: 10000
  query_coverage: 0.1
  query_size: 1000
  reference_bases_count: 500
  reference_coverage: 0.005
  reference_size: 497
  sd_sb: 7.095371077293786
  shared_bases_count: 61
  shared_coverage: 0.00061
  total_genome_length: 100000
  zscore_sb: 1.5491085857774467
