by_chromosomes:
  chr1:
    mean_sb: 125.0062498123847
    pvalue_sb: 0.26003859425041265
    query_bases_count: 25000
    query_coverage: 0.25
    query_size: 500
    reference_bases_count: 500
    reference_coverage: 0.005
    reference_size: 10
    sd_sb: 55.958133453756304
    shared_bases_count: 161
    shared_coverage: 0.00161
    zscore_sb: 0.643226426009375
total:
  mean_sb: 125.0062498123847
  pvalue_sb: 0.26003859425041265
  query_bases_count: 25000
  query_coverage: 0.25
  query_size: 500
  reference_bases_count: 500
  reference_coverage: 0.005
  reference_size: 10
  sd_sb: 55.958133453756304
  shared_bases_count: 161
  shared_coverage: 0.00161
  total_genome_length: 100000
  zscore_sb: 0.643226426009375
