by_chromosomes:
  chr1:
    mean_sb: 625000.0312311389
    pvalue_sb: 0.8397489690344776
    query_bases_count: 25000000
    query_coverage: 0.25
    query_size: 50000
    reference_bases_count: 2500000
    reference_coverage: 0.025
    reference_size: 5000
    sd_sb: 12655.217948811129
    shared_bases_count: 612428
    shared_coverage: 0.00612428
    zscore_sb: -0.9934266862879235
total:
  mean_sb: 625000.0312311389
  pvalue_sb: 0.8397489690344776
  query_bases_count: 25000000
  query_coverage: 0.25
  query_size: 50000
  reference_bases_count: 2500000
  reference_coverage: 0.025
  reference_size: 5000
  sd_sb: 12655.217948811129
  shared_bases_count: 612428
  shared_coverage: 0.00612428
  total_genome_length: 100000000
  zscore_sb: -0.9934266862879235
