by_chromosomes:
  chr1:
    mean_sb: 10.001699948979764
    pvalue_sb: 0.7460037616689205
    query_bases_count: 10000
    query_coverage: 0.1
    query_size: 1000
    reference_bases_count: 100
    reference_coverage: 0.001
    reference_size: 100
    sd_sb: 3.02386742500563
    shared_bases_count: 8
    shared_coverage: 8.0e-05
    zscore_sb: -0.661966835062565
total:
  mean_sb: 10.001699948979764
  pvalue_sb: 0.7460037616689205
  query_bases_count: 10000
  query_coverage: 0.1
  query_size: 1000
  reference_bases_count: 100
  reference_coverage: 0.001
  reference_size: 100
  sd_sb: 3.02386742500563
  shared_bases_count: 8
  shared_coverage: 8.0e-05
  total_genome_length: 100000
  zscore_sb: -0.661966835062565
