by_chromosomes:
  chr1:
    mean_sb: 25.00124996245364
    pvalue_sb: 0.2121036772968219
    query_bases_count: 25000
    query_coverage: 0.25
    query_size: 500
    reference_bases_count: 100
    reference_coverage: 0.001
    reference_size: 2
    sd_sb: 25.025238059295045
    shared_bases_count: 45
    shared_coverage: 0.00045
    zscore_sb: 0.7991432485142048
total:
  mean_sb: 25.00124996245364
  pvalue_sb: 0.2121036772968219
  query_bases_count: 25000
  query_coverage: 0.25
  query_size: 500
  reference_bases_count: 100
  reference_coverage: 0.001
  reference_size: 2
  sd_sb: 25.025238059295045
  shared_bases_count: 45
  shared_coverage: 0.00045
  total_genome_length: 100000
  zscore_sb: 0.7991432485142048
