by_chromosomes:
  chr1:
    mean_sb: 1250.0000624563918
    pvalue_sb: 0.05011767058258725
    query_bases_count: 25000000
    query_coverage: 0.25
    query_size: 50000
    reference_bases_count: 5000
    reference_coverage: 5.0e-05
    reference_size: 10
    sd_sb: 560.92487442015
    shared_bases_count: 2172
    shared_coverage: 2.172e-05
    zscore_sb: 1.6437137655853034
total:
  mean_sb: 1250.0000624563918
  pvalue_sb: 0.05011767058258725
  query_bases_count: 25000000
  query_coverage: 0.25
  query_size: 50000
  reference_bases_count: 5000
  reference_coverage: 5.0e-05
  reference_size: 10
  sd_sb: 560.92487442015
  shared_bases_count: 2172
  shared_coverage: 2.172e-05
  total_genome_length: 100000000
  zscore_sb: 1.6437137655853034
