by_chromosomes:
  chr1:
    mean_sb: 625000.0312313469
    pvalue_sb: 0.414558997552736
    query_bases_count: 25000000
    query_coverage: 0.25
    query_size: 50000
    reference_bases_count: 2500000
    reference_coverage: 0.025
    reference_size: 5000
    sd_sb: 12639.262382698056
    shared_bases_count: 627728
    shared_coverage: 0.00627728
    zscore_sb: 0.21583290907762717
total:
  mean_sb: 625000.0312313469
  pvalue_sb: 0.414558997552736
  query_bases_count: 25000000
  query_coverage: 0.25
  query_size: 50000
  reference_bases_count: 2500000
  reference_coverage: 0.025
  reference_size: 5000
  sd_sb: 12639.262382698056
  shared_bases_count: 627728
  shared_coverage: 0.00627728
  total_genome_length: 100000000
  zscore_sb: 0.21583290907762717
