by_chromosomes:
  chr1:
    mean_sb: 1250000.0624621273
    pvalue_sb: 0.22054529026155079
    query_bases_count: 25000000
    query_coverage: 0.25
    query_size: 50000
    reference_bases_count: 5000000
    reference_coverage: 0.05
    reference_size: 10000
    sd_sb: 18048.789607061026
    shared_bases_count: 1263904
    shared_coverage: 0.01263904
    zscore_sb: 0.7703529067917826
total:
  mean_sb: 1250000.0624621273
  pvalue_sb: 0.22054529026155079
  query_bases_count: 25000000
  query_coverage: 0.25
  query_size: 50000
  reference_bases_count: 5000000
  reference_coverage: 0.05
  reference_size: 10000
  sd_sb: 18048.789607061026
  shared_bases_count: 1263904
  shared_coverage: 0.01263904
  total_genome_length: 100000000
  zscore_sb: 0.7703529067917826
