by_chromosomes:
  chr1:
    mean_sb: 2500.1249962467678
    pvalue_sb: 0.4619450140866311
    query_bases_count: 25000
    query_coverage: 0.25
    query_size: 500
    reference_bases_count: 10000
    reference_coverage: 0.1
    reference_size: 200
    sd_sb: 260.376287116983
    shared_bases_count: 2525
    shared_coverage: 0.02525
    zscore_sb: 0.0955348278011832
total:
  mean_sb: 2500.1249962467678
  pvalue_sb: 0.4619450140866311
  query_bases_count: 25000
  query_coverage: 0.25
  query_size: 500
  reference_bases_count: 10000
  reference_coverage: 0.1
  reference_size: 200
  sd_sb: 260.376287116983
  shared_bases_count: 2525
  shared_coverage: 0.02525
  total_genome_length: 100000
  zscore_sb: 0.0955348278011832
