by_chromosomes:
  chr1:
    mean_sb: 125000.00561793311
    pvalue_sb: 0.02467363741861873
    query_bases_count: 25000000
    query_coverage: 0.25
    query_size: 50000
    reference_bases_count: 500000
    reference_coverage: 0.005
    reference_size: 1000
    sd_sb: 5623.785670130304
    shared_bases_count: 136054
    shared_coverage: 0.00136054
    zscore_sb: 1.965578887683813
total:
  mean_sb: 125000.00561793311
  pvalue_sb: 0.02467363741861873
  query_bases_count: 25000000
  query_coverage: 0.25
  query_size: 50000
  reference_bases_count: 500000
  reference_coverage: 0.005
  reference_size: 1000
  sd_sb: 5623.785670130304
  shared_bases_count: 136054
  shared_coverage: 0.00136054
  total_genome_length: 100000000
  zscore_sb: 1.965578887683813
