by_chromosomes:
  chr1:
    mean_sb: 1249999.6949929195
    pvalue_sb: 0.4219545818582636
    query_bases_count: 25000000
    query_coverage: 0.25
    query_size: 50000
    reference_bases_count: 5000000
    reference_coverage: 0.05
    reference_size: 10000
    sd_sb: 18046.63647999597
    shared_bases_count: 1253553
    shared_coverage: 0.01253553
    zscore_sb: 0.1968956936113469
total:
  mean_sb: 1249999.6949929195
  pvalue_sb: 0.4219545818582636
  query_bases_count: 25000000
  query_coverage: 0.25
  query_size: 50000
  reference_bases_count: 5000000
  reference_coverage: 0.05
  reference_size: 10000
  sd_sb: 18046.63647999597
  shared_bases_count: 1253553
  shared_coverage: 0.01253553
  total_genome_length: 100000000
  zscore_sb: 0.1968956936113469
