by_chromosomes:
  chr1:
    mean_sb: 2500.000124929872
    pvalue_sb: 0.3186534618162843
    query_bases_count: 25000000
    query_coverage: 0.25
    query_size: 50000
    reference_bases_count: 10000
    reference_coverage: 0.0001
    reference_size: 20
    sd_sb: 793.2675649112555
    shared_bases_count: 2874
    shared_coverage: 2.874e-05
    zscore_sb: 0.4714674992566577
total:
  mean_sb: 2500.000124929872
  pvalue_sb: 0.3186534618162843
  query_bases_count: 25000000
  query_coverage: 0.25
  query_size: 50000
  reference_bases_count: 10000
  reference_coverage: 0.0001
  reference_size: 20
  sd_sb: 793.2675649112555
  shared_bases_count: 2874
  shared_coverage: 2.874e-05
  total_genome_length: 100000000
  zscore_sb: 0.4714674992566577
