by_chromosomes:
  chr1:
    mean_sb: 500.0249992493164
    pvalue_sb: 0.9793575629686823
    query_bases_count: 25000
    query_coverage: 0.25
    query_size: 500
    reference_bases_count: 2000
    reference_coverage: 0.02
    reference_size: 40
    sd_sb: 112.72101744858156
    shared_bases_count: 270
    shared_coverage: 0.0027
    zscore_sb: -2.0406575850350523
total:
  mean_sb: 500.0249992493164
  pvalue_sb: 0.9793575629686823
  query_bases_count: 25000
  query_coverage: 0.25
  query_size: 500
  reference_bases_count: 2000
  reference_coverage: 0.02
  reference_size: 40
  sd_sb: 112.72101744858156
  shared_bases_count: 270
  shared_coverage: 0.0027
  total_genome_length: 100000
  zscore_sb: -2.0406575850350523
