by_chromosomes:
  chr1:
    mean_sb: 62500.00312312604
    pvalue_sb: 0.9806707534935043
    query_bases_count: 25000000
    query_coverage: 0.25
    query_size: 50000
    reference_bases_count: 250000
    reference_coverage: 0.0025
    reference_size: 500
    sd_sb: 3967.9798591527615
    shared_bases_count: 54295
    shared_coverage: 0.00054295
    zscore_sb: -2.0678036215833915
total:
  mean_sb: 62500.00312312604
  pvalue_sb: 0.9806707534935043
  query_bases_count: 25000000
  query_coverage: 0.25
  query_size: 50000
  reference_bases_count: 250000
  reference_coverage: 0.0025
  reference_size: 500
  sd_sb: 3967.9798591527615
  shared_bases_count: 54295
  shared_coverage: 0.00054295
  total_genome_length: 100000000
  zscore_sb: -2.0678036215833915
