by_chromosomes:
  chr1:
    mean_sb: 250000.01249234675
    pvalue_sb: 0.3241447356248044
    query_bases_count: 25000000
    query_coverage: 0.25
    query_size: 50000
    reference_bases_count: 1000000
    reference_coverage: 0.01
    reference_size: 2000
    sd_sb: 7962.444242349649
    shared_bases_count: 253632
    shared_coverage: 0.00253632
    zscore_sb: 0.45613977280190904
total:
  mean_sb: 250000.01249234675
  pvalue_sb: 0.3241447356248044
  query_bases_count: 25000000
  query_coverage: 0.25
  query_size: 50000
  reference_bases_count: 1000000
  reference_coverage: 0.01
  reference_size: 2000
  sd_sb: 7962.444242349649
  shared_bases_count: 253632
  shared_coverage: 0.00253632
  total_genome_length: 100000000
  zscore_sb: 0.45613977280190904
