by_chromosomes:
  chr1:
    mean_sb: 6250.000312320269
    pvalue_sb: 0.7550424361686424
    query_bases_count: 25000000
    query_coverage: 0.25
    query_size: 50000
    reference_bases_count: 25000
    reference_coverage: 0.00025
    reference_size: 50
    sd_sb: 1254.2661497084719
    shared_bases_count: 5384
    shared_coverage: 5.384e-05
    zscore_sb: -0.6904438204934035
total:
  mean_sb: 6250.000312320269
  pvalue_sb: 0.7550424361686424
  query_bases_count: 25000000
  query_coverage: 0.25
  query_size: 50000
  reference_bases_count: 25000
  reference_coverage: 0.00025
  reference_size: 50
  sd_sb: 1254.2661497084719
  shared_bases_count: 5384
  shared_coverage: 5.384e-05
  total_genome_length: 100000000
  zscore_sb: -0.6904438204934035
