by_chromosomes:
  chr1:
    mean_sb: 12500.000624655175
    pvalue_sb: 0.6717519154869441
    query_bases_count: 25000000
    query_coverage: 0.25
    query_size: 50000
    reference_bases_count: 50000
    reference_coverage: 0.0005
    reference_size: 100
    sd_sb: 1774.0082347763828
    shared_bases_count: 11711
    shared_coverage: 0.00011711
    zscore_sb: -0.4447558975139878
total:
  mean_sb: 12500.000624655175
  pvalue_sb: 0.6717519154869441
  query_bases_count: 25000000
  query_coverage: 0.25
  query_size: 50000
  reference_bases_count: 50000
  reference_coverage: 0.0005
  reference_size: 100
  sd_sb: 1774.0082347763828
  shared_bases_count: 11711
  shared_coverage: 0.00011711
  total_genome_length: 100000000
  zscore_sb: -0.4447558975139878
