by_chromosomes:
  chr1:
    mean_sb: 500.02499924938365
    pvalue_sb: 0.0796071779581064
    query_bases_count: 25000
    query_coverage: 0.25
    query_size: 500
    reference_bases_count: 2000
    reference_coverage: 0.02
    reference_size: 40
    sd_sb: 112.93093619403206
    shared_bases_count: 659
    shared_coverage: 0.00659
    zscore_sb: 1.407718789096672
total:
  mean_sb: 500.02499924938365
  pvalue_sb: 0.0796071779581064
  query_bases_count: 25000
  query_coverage: 0.25
  query_size: 500
  reference_bases_count: 2000
  reference_coverage: 0.02
  reference_size: 40
  sd_sb: 112.93093619403206
  shared_bases_count: 659
  shared_coverage: 0.00659
  total_genome_length: 100000
  zscore_sb: 1.407718789096672
