by_chromosomes:
  chr1:
    mean_sb: 1250.0624981234857
    pvalue_sb: 0.6685158385996086
    query_bases_count: 25000
    query_coverage: 0.25
    query_size: 500
    reference_bases_count: 5000
    reference_coverage: 0.05
    reference_size: 100
    sd_sb: 179.11693529939984
    shared_bases_count: 1172
    shared_coverage: 0.01172
    zscore_sb: -0.43581863430725637
total:
  mean_sb: 1250.0624981234857
  pvalue_sb: 0.6685158385996086
  query_bases_count: 25000
  query_coverage: 0.25
  query_size: 500
  reference_bases_count: 5000
  reference_coverage: 0.05
  reference_size: 100
  sd_sb: 179.11693529939984
  shared_bases_count: 1172
  shared_coverage: 0.01172
  total_genome_length: 100000
  zscore_sb: -0.43581863430725637
