by_chromosomes:
  chr1:
    mean_sb: 62500.00312310777
    pvalue_sb: 0.4507497386725295
    query_bases_count: 25000000
    query_coverage: 0.25
    query_size: 50000
    reference_bases_count: 250000
    reference_coverage: 0.0025
    reference_size: 500
    sd_sb: 3967.095069222738
    shared_bases_count: 62991
    shared_coverage: 0.00062991
    zscore_sb: 0.12376735831249822
total:
  mean_sb: 62500.00312310777
  pvalue_sb: 0.4507497386725295
  query_bases_count: 25000000
  query_coverage: 0.25
  query_size: 50000
  reference_bases_count: 250000
  reference_coverage: 0.0025
  reference_size: 500
  sd_sb: 3967.095069222738
  shared_bases_count: 62991
  shared_coverage: 0.00062991
  total_genome_length: 100000000
  zscore_sb: 0.12376735831249822
