by_chromosomes:
  chr1:
    mean_sb: 5000.249992493929
    pvalue_sb: 0.2611194784981208
    query_bases_count: 25000
    query_coverage: 0.25
    query_size: 500
    reference_bases_count: 20000
    reference_coverage: 0.2
    reference_size: 400
    sd_sb: 377.79463655710794
    shared_bases_count: 5242
    shared_coverage: 0.05242
    zscore_sb: 0.6398979342564789
total:
  mean_sb: 5000.249992493929
  pvalue_sb: 0.2611194784981208
  query_bases_count: 25000
  query_coverage: 0.25
  query_size: 500
  reference_bases_count: 20000
  reference_coverage: 0.2
  reference_size: 400
  sd_sb: 377.79463655710794
  shared_bases_count: 5242
  shared_coverage: 0.05242
  total_genome_length: 100000
  zscore_sb: 0.6398979342564789
