by_chromosomes:
  chr1:
    mean_sb: 5000.249992493751
    pvalue_sb: 0.6900001079012005
    query_bases_count: 25000
    query_coverage: 0.25
    query_size: 500
    reference_bases_count: 20000
    reference_coverage: 0.2
    reference_size: 400
    sd_sb: 377.6338526268404
    shared_bases_count: 4813
    shared_coverage: 0.04813
    zscore_sb: -0.4958506531954973
total:
  mean_sb: 5000.249992493751
  pvalue_sb: 0.6900001079012005
  query_bases_count: 25000
  query_coverage: 0.25
  query_size: 500
  reference_bases_count: 20000
  reference_coverage: 0.2
  reference_size: 400
  sd_sb: 377.6338526268404
  shared_bases_count: 4813
  shared_coverage: 0.04813
  total_genome_length: 100000
  zscore_sb: -0.4958506531954973
