by_chromosomes:
  chr1:
    mean_sb: 1250000.0585797986
    pvalue_sb: 0.7617529683342094
    query_bases_count: 25000000
    query_coverage: 0.25
    query_size: 50000
    reference_bases_count: 5000000
    reference_coverage: 0.05
    reference_size: 10000
    sd_sb: 18042.011058321765
    shared_bases_count: 1237155
    shared_coverage: 0.01237155
    zscore_sb: -0.7119527051766075
total:
  mean_sb: 1250000.0585797986
  pvalue_sb: 0.7617529683342094
  query_bases_count: 25000000
  query_coverage: 0.25
  query_size: 50000
  reference_bases_count: 5000000
  reference_coverage: 0.05
  reference_size: 10000
  sd_sb: 18042.011058321765
  shared_bases_count: 1237155
  shared_coverage: 0.01237155
  total_genome_length: 100000000
  zscore_sb: -0.7119527051766075
