by_chromosomes:
  chr1:
    mean_sb: 5000.249992493435
    pvalue_sb: 0.6004323081839156
    query_bases_count: 25000
    query_coverage: 0.25
    query_size: 500
    reference_bases_count: 20000
    reference_coverage: 0.2
    reference_size: 400
    sd_sb: 378.2426819721352
    shared_bases_count: 4904
    shared_coverage: 0.04904
    zscore_sb: -0.2544662384255327
total:
  mean_sb: 5000.249992493435
  pvalue_sb: 0.6004323081839156
  query_bases_count: 25000
  query_coverage: 0.25
  query_size: 500
  reference_bases_count: 20000
  reference_coverage: 0.2
  reference_size: 400
  sd_sb: 378.2426819721352
  shared_bases_count: 4904
  shared_coverage: 0.04904
  total_genome_length: 100000
  zscore_sb: -0.2544662384255327
