by_chromosomes:
  chr1:
    mean_sb: 2500000.1249248725
    pvalue_sb: 0.6885271842496558
    query_bases_count: 25000000
    query_coverage: 0.25
    query_size: 50000
    reference_bases_count: 10000000
    reference_coverage: 0.1
    reference_size: 20000
    sd_sb: 25962.265807764346
    shared_bases_count: 2487235
    shared_coverage: 0.02487235
    zscore_sb: -0.4916799257580579
total:
  mean_sb: 2500000.1249248725
  pvalue_sb: 0.6885271842496558
  query_bases_count: 25000000
  query_coverage: 0.25
  query_size: 50000
  reference_bases_count: 10000000
  reference_coverage: 0.1
  reference_size: 20000
  sd_sb: 25962.265807764346
  shared_bases_count: 2487235
  shared_coverage: 0.02487235
  total_genome_length: 100000000
  zscore_sb: -0.4916799257580579
