by_chromosomes:
  chr1:
    mean_sb: 125000.00624620967
    pvalue_sb: 0.30559050345396344
    query_bases_count: 25000000
    query_coverage: 0.25
    query_size: 50000
    reference_bases_count: 500000
    reference_coverage: 0.005
    reference_size: 1000
    sd_sb: 5619.707136629338
    shared_bases_count: 127857
    shared_coverage: 0.00127857
    zscore_sb: 0.5083883704843624
total:
  mean_sb: 125000.00624620967
  pvalue_sb: 0.30559050345396344
  query_bases_count: 25000000
  query_coverage: 0.25
  query_size: 50000
  reference_bases_count: 500000
  reference_coverage: 0.005
  reference_size: 1000
  sd_sb: 5619.707136629338
  shared_bases_count: 127857
  shared_coverage: 0.00127857
  total_genome_length: 100000000
  zscore_sb: 0.5083883704843624
