by_chromosomes:
  chr1:
    mean_sb: 2500.0001249180855
    pvalue_sb: 0.25243019100345054
    query_bases_count: 25000000
    query_coverage: 0.25
    query_size: 50000
    reference_bases_count: 10000
    reference_coverage: 0.0001
    reference_size: 20
    sd_sb: 793.2675649268782
    shared_bases_count: 3029
    shared_coverage: 3.029e-05
    zscore_sb: 0.6668618489786315
total:
  mean_sb: 2500.0001249180855
  pvalue_sb: 0.25243019100345054
  query_bases_count: 25000000
  query_coverage: 0.25
  query_size: 50000
  reference_bases_count: 10000
  reference_coverage: 0.0001
  reference_size: 20
  sd_sb: 793.2675649268782
  shared_bases_count: 3029
  shared_coverage: 3.029e-05
  total_genome_length: 100000000
  zscore_sb: 0.6668618489786315
