by_chromosomes:
  chr1:
    mean_sb: 5000.249992493693
    pvalue_sb: 0.15783639302646002
    query_bases_count: 25000
    query_coverage: 0.25
    query_size: 500
    reference_bases_count: 20000
    reference_coverage: 0.2
    reference_size: 400
    sd_sb: 380.4602936178887
    shared_bases_count: 5382
    shared_coverage: 0.05382
    zscore_sb: 1.0033898777613681
total:
  mean_sb: 5000.249992493693
  pvalue_sb: 0.15783639302646002
  query_bases_count: 25000
  query_coverage: 0.25
  query_size: 500
  reference_bases_count: 20000
  reference_coverage: 0.2
  reference_size: 400
  sd_sb: 380.4602936178887
  shared_bases_count: 5382
  shared_coverage: 0.05382
  total_genome_length: 100000
  zscore_sb: 1.0033898777613681
