by_chromosomes:
  chr1:
    mean_sb: 250.01249962471547
    pvalue_sb: 0.4950219661318916
    query_bases_count: 25000
    query_coverage: 0.25
    query_size: 500
    reference_bases_count: 1000
    reference_coverage: 0.01
    reference_size: 20
    sd_sb: 79.13675126488626
    shared_bases_count: 251
    shared_coverage: 0.00251
    zscore_sb: 0.012478404274888208
total:
  mean_sb: 250.01249962471547
  pvalue_sb: 0.4950219661318916
  query_bases_count: 25000
  query_coverage: 0.25
  query_size: 500
  reference_bases_count: 1000
  reference_coverage: 0.01
  reference_size: 20
  sd_sb: 79.13675126488626
  shared_bases_count: 251
  shared_coverage: 0.00251
  total_genome_length: 100000
  zscore_sb: 0.012478404274888208
