by_chromosomes:
  chr1:
    mean_sb: 1250000.06245901
    pvalue_sb: 0.8943419630738747
    query_bases_count: 25000000
    query_coverage: 0.25
    query_size: 50000
    reference_bases_count: 5000000
    reference_coverage: 0.05
    reference_size: 10000
    sd_sb: 18035.90272109897
    shared_bases_count: 1227456
    shared_coverage: 0.01227456
    zscore_sb: -1.2499547601039758
total:
  mean_sb: 1250000.06245901
  pvalue_sb: 0.8943419630738747
  query_bases_count: 25000000
  query_coverage: 0.25
  query_size: 50000
  reference_bases_count: 5000000
  reference_coverage: 0.05
  reference_size: 10000
  sd_sb: 18035.90272109897
  shared_bases_count: 1227456
  shared_coverage: 0.01227456
  total_genome_length: 100000000
  zscore_sb: -1.2499547601039758
