by_chromosomes:
  chr1:
    mean_sb: 250000.01249246832
    pvalue_sb: 0.17006714756821334
    query_bases_count: 25000000
    query_coverage: 0.25
    query_size: 50000
    reference_bases_count: 1000000
    reference_coverage: 0.01
    reference_size: 2000
    sd_sb: 7964.134611078681
    shared_bases_count: 257597
    shared_coverage: 0.00257597
    zscore_sb: 0.9538999374726437
total:
  mean_sb: 250000.01249246832
  pvalue_sb: 0.17006714756821334
  query_bases_count: 25000000
  query_coverage: 0.25
  query_size: 50000
  reference_bases_count: 1000000
  reference_coverage: 0.01
  reference_size: 2000
  sd_sb: 7964.134611078681
  shared_bases_count: 257597
  shared_coverage: 0.00257597
  total_genome_length: 100000000
  zscore_sb: 0.9538999374726437
