by_chromosomes:
  chr1:
    mean_sb: 1250.000062448993
    pvalue_sb: 0.0753714354410021
    query_bases_count: 25000000
    query_coverage: 0.25
    query_size: 50000
    reference_bases_count: 5000
    reference_coverage: 5.0e-05
    reference_size: 10
    sd_sb: 560.924874434231
    shared_bases_count: 2056
    shared_coverage: 2.056e-05
    zscore_sb: 1.4369124534973912
total:
  mean_sb: 1250.000062448993
  pvalue_sb: 0.0753714354410021
  query_bases_count: 25000000
  query_coverage: 0.25
  query_size: 50000
  reference_bases_count: 5000
  reference_coverage: 5.0e-05
  reference_size: 10
  sd_sb: 560.924874434231
  shared_bases_count: 2056
  shared_coverage: 2.056e-05
  total_genome_length: 100000000
  zscore_sb: 1.4369124534973912
