by_chromosomes:
  chr1:
    mean_sb: 5000.249992493555
    pvalue_sb: 0.16809809446988716
    query_bases_count: 25000
    query_coverage: 0.25
    query_size: 500
    reference_bases_count: 20000
    reference_coverage: 0.2
    reference_size: 400
    sd_sb: 380.3128615370389
    shared_bases_count: 5366
    shared_coverage: 0.05366
    zscore_sb: 0.9617082262962713
total:
  mean_sb: 5000.249992493555
  pvalue_sb: 0.16809809446988716
  query_bases_count: 25000
  query_coverage: 0.25
  query_size: 500
  reference_bases_count: 20000
  reference_coverage: 0.2
  reference_size: 400
  sd_sb: 380.3128615370389
  shared_bases_count: 5366
  shared_coverage: 0.05366
  total_genome_length: 100000
  zscore_sb: 0.9617082262962713
