by_chromosomes:
  chr1:
    mean_sb: 25000.001249242432
    pvalue_sb: 0.7546664397437329
    query_bases_count: 25000000
    query_coverage: 0.25
    query_size: 50000
    reference_bases_count: 100000
    reference_coverage: 0.001
    reference_size: 200
    sd_sb: 2508.532301318276
    shared_bases_count: 23271
    shared_coverage: 0.00023271
    zscore_sb: -0.6892481505355984
total:
  mean_sb: 25000.001249242432
  pvalue_sb: 0.7546664397437329
  query_bases_count: 25000000
  query_coverage: 0.25
  query_size: 50000
  reference_bases_count: 100000
  reference_coverage: 0.001
  reference_size: 200
  sd_sb: 2508.532301318276
  shared_bases_count: 23271
  shared_coverage: 0.00023271
  total_genome_length: 100000000
  zscore_sb: -0.6892481505355984
