by_chromosomes:
  chr1:
    mean_sb: 6250.0003123078595
    pvalue_sb: 0.516851057547692
    query_bases_count: 25000000
    query_coverage: 0.25
    query_size: 50000
    reference_bases_count: 25000
    reference_coverage: 0.00025
    reference_size: 50
    sd_sb: 1254.3886893405863
    shared_bases_count: 6197
    shared_coverage: 6.197e-05
    zscore_sb: -0.04225190545660978
total:
  mean_sb: 6250.0003123078595
  pvalue_sb: 0.516851057547692
  query_bases_count: 25000000
  query_coverage: 0.25
  query_size: 50000
  reference_bases_count: 25000
  reference_coverage: 0.00025
  reference_size: 50
  sd_sb: 1254.3886893405863
  shared_bases_count: 6197
  shared_coverage: 6.197e-05
  total_genome_length: 100000000
  zscore_sb: -0.04225190545660978
