by_chromosomes:
  chr1:
    mean_sb: 2500.000124934958
    pvalue_sb: 0.10191886867334593
    query_bases_count: 25000000
    query_coverage: 0.25
    query_size: 50000
    reference_bases_count: 10000
    reference_coverage: 0.0001
    reference_size: 20
    sd_sb: 793.2675648972098
    shared_bases_count: 3508
    shared_coverage: 3.508e-05
    zscore_sb: 1.2706934200639564
total:
  mean_sb: 2500.000124934958
  pvalue_sb: 0.10191886867334593
  query_bases_count: 25000000
  query_coverage: 0.25
  query_size: 50000
  reference_bases_count: 10000
  reference_coverage: 0.0001
  reference_size: 20
  sd_sb: 793.2675648972098
  shared_bases_count: 3508
  shared_coverage: 3.508e-05
  total_genome_length: 100000000
  zscore_sb: 1.2706934200639564
