by_chromosomes:
  chr1:
    mean_sb: 12.50062498123173
    pvalue_sb: 0.7600392978288972
    query_bases_count: 25000
    query_coverage: 0.25
    query_size: 500
    reference_bases_count: 50
    reference_coverage: 0.0005
    reference_size: 1
    sd_sb: 17.695515532529225
    shared_bases_count: 0
    shared_coverage: 0.0
    zscore_sb: -0.7064289796051515
total:
  mean_sb: 12.50062498123173
  pvalue_sb: 0.7600392978288972
  query_bases_count: 25000
  query_coverage: 0.25
  query_size: 500
  reference_bases_count: 50
  reference_coverage: 0.0005
  reference_size: 1
  sd_sb: 17.695515532529225
  shared_bases_count: 0
  shared_coverage: 0.0
  total_genome_length: 100000
  zscore_sb: -0.7064289796051515
