by_chromosomes:
  chr1:
    mean_sb: 12500.000624600385
    pvalue_sb: 0.2959322045402536
    query_bases_count: 25000000
    query_coverage: 0.25
    query_size: 50000
    reference_bases_count: 50000
    reference_coverage: 0.0005
    reference_size: 100
    sd_sb: 1773.8017678916424
    shared_bases_count: 13451
    shared_coverage: 0.00013451
    zscore_sb: 0.5361362203004125
total:
  mean_sb: 12500.000624600385
  pvalue_sb: 0.2959322045402536
  query_bases_count: 25000000
  query_coverage: 0.25
  query_size: 50000
  reference_bases_count: 50000
  reference_coverage: 0.0005
  reference_size: 100
  sd_sb: 1773.8017678916424
  shared_bases_count: 13451
  shared_coverage: 0.00013451
  total_genome_length: 100000000
  zscore_sb: 0.5361362203004125
