by_chromosomes:
  chr1:
    mean_sb: 5000.2499924937265
    pvalue_sb: 0.9135538094306555
    query_bases_count: 25000
    query_coverage: 0.25
    query_size: 500
    reference_bases_count: 20000
    reference_coverage: 0.2
    reference_size: 400
    sd_sb: 377.30140058179995
    shared_bases_count: 4486
    shared_coverage: 0.04486
    zscore_sb: -1.3629686815388224
total:
  mean_sb: 5000.2499924937265
  pvalue_sb: 0.9135538094306555
  query_bases_count: 25000
  query_coverage: 0.25
  query_size: 500
  reference_bases_count: 20000
  reference_coverage: 0.2
  reference_size: 400
  sd_sb: 377.30140058179995
  shared_bases_count: 4486
  shared_coverage: 0.04486
  total_genome_length: 100000
  zscore_sb: -1.3629686815388224
