by_chromosomes:
  chr1:
    mean_sb: 1250000.0624621543
    pvalue_sb: 0.1320572844503035
    query_bases_count: 25000000
    query_coverage: 0.25
    query_size: 50000
    reference_bases_count: 5000000
    reference_coverage: 0.05
    reference_size: 10000
    sd_sb: 18042.086512172926
    shared_bases_count: 1270148
    shared_coverage: 0.01270148
    zscore_sb: 1.1167188187603458
total:
  mean_sb: 1250000.0624621543
  pvalue_sb: 0.1320572844503035
  query_bases_count: 25000000
  query_coverage: 0.25
  query_size: 50000
  reference_bases_count: 5000000
  reference_coverage: 0.05
  reference_size: 10000
  sd_sb: 18042.086512172926
  shared_bases_count: 1270148
  shared_coverage: 0.01270148
  total_genome_length: 100000000
  zscore_sb: 1.1167188187603458
