by_chromosomes:
  chr1:
    mean_sb: 2500000.0057852385
    pvalue_sb: 0.11010915737193594
    query_bases_count: 25000000
    query_coverage: 0.25
    query_size: 50000
    reference_bases_count: 10000000
    reference_coverage: 0.1
    reference_size: 20000
    sd_sb: 25958.68592542174
    shared_bases_count: 2531824
    shared_coverage: 0.02531824
    zscore_sb: 1.2259478120807275
total:
  mean_sb: 2500000.0057852385
  pvalue_sb: 0.11010915737193594
  query_bases_count: 25000000
  query_coverage: 0.25
  query_size: 50000
  reference_bases_count: 10000000
  reference_coverage: 0.1
  reference_size: 20000
  sd_sb: 25958.68592542174
  shared_bases_count: 2531824
  shared_coverage: 0.02531824
  total_genome_length: 100000000
  zscore_sb: 1.2259478120807275
