by_chromosomes:
  chr1:
    mean_sb: 62500.003123095565
    pvalue_sb: 0.35368343768083205
    query_bases_count: 25000000
    query_coverage: 0.25
    query_size: 50000
    reference_bases_count: 250000
    reference_coverage: 0.0025
    reference_size: 500
    sd_sb: 3969.14634115516
    shared_bases_count: 63990
    shared_coverage: 0.0006399
    zscore_sb: 0.37539479496006634
total:
  mean_sb: 62500.003123095565
  pvalue_sb: 0.35368343768083205
  query_bases_count: 25000000
  query_coverage: 0.25
  query_size: 50000
  reference_bases_count: 250000
  reference_coverage: 0.0025
  reference_size: 500
  sd_sb: 3969.14634115516
  shared_bases_count: 63990
  shared_coverage: 0.0006399
  total_genome_length: 100000000
  zscore_sb: 0.37539479496006634
