by_chromosomes:
  chr1:
    mean_sb: 2500.000124918864
    pvalue_sb: 0.4583345594689374
    query_bases_count: 25000000
    query_coverage: 0.25
    query_size: 50000
    reference_bases_count: 10000
    reference_coverage: 0.0001
    reference_size: 20
    sd_sb: 793.2675649245066
    shared_bases_count: 2583
    shared_coverage: 2.583e-05
    zscore_sb: 0.10463036527786822
total:
  mean_sb: 2500.000124918864
  pvalue_sb: 0.4583345594689374
  query_bases_count: 25000000
  query_coverage: 0.25
  query_size: 50000
  reference_bases_count: 10000
  reference_coverage: 0.0001
  reference_size: 20
  sd_sb: 793.2675649245066
  shared_bases_count: 2583
  shared_coverage: 2.583e-05
  total_genome_length: 100000000
  zscore_sb: 0.10463036527786822
