by_chromosomes:
  chr1:
    mean_sb: 62500.0031231409
    pvalue_sb: 0.4090384949444797
    query_bases_count: 25000000
    query_coverage: 0.25
    query_size: 50000
    reference_bases_count: 250000
    reference_coverage: 0.0025
    reference_size: 500
    sd_sb: 3969.2233958486395
    shared_bases_count: 63413
    shared_coverage: 0.00063413
    zscore_sb: 0.2300190202985273
total:
  mean_sb: 62500.0031231409
  pvalue_sb: 0.4090384949444797
  query_bases_count: 25000000
  query_coverage: 0.25
  query_size: 50000
  reference_bases_count: 250000
  reference_coverage: 0.0025
  reference_size: 500
  sd_sb: 3969.2233958486395
  shared_bases_count: 63413
  shared_coverage: 0.00063413
  total_genome_length: 100000000
  zscore_sb: 0.2300190202985273
