by_chromosomes:
  chr1:
    mean_sb: 1249999.8448735555
    pvalue_sb: 0.03604117524009541
    query_bases_count: 25000000
    query_coverage: 0.25
    query_size: 50000
    reference_bases_count: 5000000
    reference_coverage: 0.05
    reference_size: 10000
    sd_sb: 18021.90459489309
    shared_bases_count: 1282414
    shared_coverage: 0.01282414
    zscore_sb: 1.798597642983292
total:
  mean_sb: 1249999.8448735555
  pvalue_sb: 0.03604117524009541
  query_bases_count: 25000000
  query_coverage: 0.25
  query_size: 50000
  reference_bases_count: 5000000
  reference_coverage: 0.05
  reference_size: 10000
  sd_sb: 18021.90459489309
  shared_bases_count: 1282414
  shared_coverage: 0.01282414
  total_genome_length: 100000000
  zscore_sb: 1.798597642983292
