by_chromosomes:
  chr1:
    mean_sb: 125.00624981230216
    pvalue_sb: 0.436155849382384
    query_bases_count: 25000
    query_coverage: 0.25
    query_size: 500
    reference_bases_count: 500
    reference_coverage: 0.005
    reference_size: 10
    sd_sb: 55.958133453827514
    shared_bases_count: 134
    shared_coverage: 0.00134
    zscore_sb: 0.16072284103469633
total:
  mean_sb: 125.00624981230216
  pvalue_sb: 0.436155849382384
  query_bases_count: 25000
  query_coverage: 0.25
  query_size: 500
  reference_bases_count: 500
  reference_coverage: 0.005
  reference_size: 10
  sd_sb: 55.958133453827514
  shared_bases_count: 134
  shared_coverage: 0.00134
  total_genome_length: 100000
  zscore_sb: 0.16072284103469633
