by_chromosomes:
  chr1:
    mean_sb: 1250.0000624573097
    pvalue_sb: 0.8093055722723339
    query_bases_count: 25000000
    query_coverage: 0.25
    query_size: 50000
    reference_bases_count: 5000
    reference_coverage: 5.0e-05
    reference_size: 10
    sd_sb: 560.9248744247348
    shared_bases_count: 759
    shared_coverage: 7.59e-06
    zscore_sb: -0.8753401477530525
total:
  mean_sb: 1250.0000624573097
  pvalue_sb: 0.8093055722723339
  query_bases_count: 25000000
  query_coverage: 0.25
  query_size: 50000
  reference_bases_count: 5000
  reference_coverage: 5.0e-05
  reference_size: 10
  sd_sb: 560.9248744247348
  shared_bases_count: 759
  shared_coverage: 7.59e-06
  total_genome_length: 100000000
  zscore_sb: -0.8753401477530525
