by_chromosomes:
  chr1:
    mean_sb: 25000.00124926948
    pvalue_sb: 0.09559915250040019
    query_bases_count: 25000000
    query_coverage: 0.25
    query_size: 50000
    reference_bases_count: 100000
    reference_coverage: 0.001
    reference_size: 200
    sd_sb: 2508.7163969167027
    shared_bases_count: 28279
    shared_coverage: 0.00028279
    zscore_sb: 1.3070424200840394
total:
  mean_sb: 25000.00124926948
  pvalue_sb: 0.09559915250040019
  query_bases_count: 25000000
  query_coverage: 0.25
  query_size: 50000
  reference_bases_count: 100000
  reference_coverage: 0.001
  reference_size: 200
  sd_sb: 2508.7163969167027
  shared_bases_count: 28279
  shared_coverage: 0.00028279
  total_genome_length: 100000000
  zscore_sb: 1.3070424200840394
