by_chromosomes:
  chr1:
    mean_sb: 1000.1699948978292
    pvalue_sb: 0.45199922231801876
    query_bases_count: 10000
    query_coverage: 0.1
    query_size: 1000
    reference_bases_count: 10000
    reference_coverage: 0.1
    reference_size: 9050
    sd_sb: 48.33689887064399
    shared_bases_count: 1006
    shared_coverage: 0.01006
    zscore_sb: 0.12061189770930016
total:
  mean_sb: 1000.1699948978292
  pvalue_sb: 0.45199922231801876
  query_bases_count: 10000
  query_coverage: 0.1
  query_size: 1000
  reference_bases_count: 10000
  reference_coverage: 0.1
  reference_size: 9050
  sd_sb: 48.33689887064399
  shared_bases_count: 1006
  shared_coverage: 0.01006
  total_genome_length: 100000
  zscore_sb: 0.12061189770930016
