by_chromosomes:
  chr1:
    mean_sb: 2500.1249962470056
    pvalue_sb: 0.2359968931843514
    query_bases_count: 25000
    query_coverage: 0.25
    query_size: 500
    reference_bases_count: 10000
    reference_coverage: 0.1
    reference_size: 200
    sd_sb: 259.8233012238156
    shared_bases_count: 2687
    shared_coverage: 0.02687
    zscore_sb: 0.719238816814268
total:
  mean_sb: 2500.1249962470056
  pvalue_sb: 0.2359968931843514
  query_bases_count: 25000
  query_coverage: 0.25
  query_size: 500
  reference_bases_count: 10000
  reference_coverage: 0.1
  reference_size: 200
  sd_sb: 259.8233012238156
  shared_bases_count: 2687
  shared_coverage: 0.02687
  total_genome_length: 100000
  zscore_sb: 0.719238816814268
