by_chromosomes:
  chr1:
    mean_sb: 1250.0624981234128
    pvalue_sb: 0.7603959725113674
    query_bases_count: 25000
    query_coverage: 0.25
    query_size: 500
    reference_bases_count: 5000
    reference_coverage: 0.05
    reference_size: 100
    sd_sb: 179.57412378959006
    shared_bases_count: 1123
    shared_coverage: 0.01123
    zscore_sb: -0.7075768793520271
total:
  mean_sb: 1250.0624981234128
  pvalue_sb: 0.7603959725113674
  query_bases_count: 25000
  query_coverage: 0.25
  query_size: 500
  reference_bases_count: 5000
  reference_coverage: 0.05
  reference_size: 100
  sd_sb: 179.57412378959006
  shared_bases_count: 1123
  shared_coverage: 0.01123
  total_genome_length: 100000
  zscore_sb: -0.7075768793520271
