by_chromosomes:
  chr1:
    mean_sb: 12500.000624623122
    pvalue_sb: 0.6914824130566884
    query_bases_count: 25000000
    query_coverage: 0.25
    query_size: 50000
    reference_bases_count: 50000
    reference_coverage: 0.0005
    reference_size: 100
    sd_sb: 1773.800201458418
    shared_bases_count: 11613
    shared_coverage: 0.00011613
    zscore_sb: -0.5000566714863547
total:
  mean_sb: 12500.000624623122
  pvalue_sb: 0.6914824130566884
  query_bases_count: 25000000
  query_coverage: 0.25
  query_size: 50000
  reference_bases_count: 50000
  reference_coverage: 0.0005
  reference_size: 100
  sd_sb: 1773.800201458418
  shared_bases_count: 11613
  shared_coverage: 0.00011613
  total_genome_length: 100000000
  zscore_sb: -0.5000566714863547
