by_chromosomes:
  chr1:
    mean_sb: 625000.0312313902
    pvalue_sb: 0.28032026157959034
    query_bases_count: 25000000
    query_coverage: 0.25
    query_size: 50000
    reference_bases_count: 2500000
    reference_coverage: 0.025
    reference_size: 5000
    sd_sb: 12632.910024213968
    shared_bases_count: 632351
    shared_coverage: 0.00632351
    zscore_sb: 0.5818903763677477
total:
  mean_sb: 625000.0312313902
  pvalue_sb: 0.28032026157959034
  query_bases_count: 25000000
  query_coverage: 0.25
  query_size: 50000
  reference_bases_count: 2500000
  reference_coverage: 0.025
  reference_size: 5000
  sd_sb: 12632.910024213968
  shared_bases_count: 632351
  shared_coverage: 0.00632351
  total_genome_length: 100000000
  zscore_sb: 0.5818903763677477
