by_chromosomes:
  chr1:
    mean_sb: 125000.00624620024
    pvalue_sb: 0.5493018248481001
    query_bases_count: 25000000
    query_coverage: 0.25
    query_size: 50000
    reference_bases_count: 500000
    reference_coverage: 0.005
    reference_size: 1000
    sd_sb: 5617.592475075481
    shared_bases_count: 124304
    shared_coverage: 0.00124304
    zscore_sb: -0.12389760369559145
total:
  mean_sb: 125000.00624620024
  pvalue_sb: 0.5493018248481001
  query_bases_count: 25000000
  query_coverage: 0.25
  query_size: 50000
  reference_bases_count: 500000
  reference_coverage: 0.005
  reference_size: 1000
  sd_sb: 5617.592475075481
  shared_bases_count: 124304
  shared_coverage: 0.00124304
  total_genome_length: 100000000
  zscore_sb: -0.12389760369559145
