by_chromosomes:
  chr1:
    mean_sb: 2499994.73160621
    pvalue_sb: 0.6595505064889566
    query_bases_count: 25000000
    query_coverage: 0.25
    query_size: 50000
    reference_bases_count: 10000000
    reference_coverage: 0.1
    reference_size: 20000
    sd_sb: 25974.65609484335
    shared_bases_count: 2489313
    shared_coverage: 0.02489313
    zscore_sb: -0.4112366903803104
total:
  mean_sb: 2499994.73160621
  pvalue_sb: 0.6595505064889566
  query_bases_count: 25000000
  query_coverage: 0.25
  query_size: 50000
  reference_bases_count: 10000000
  reference_coverage: 0.1
  reference_size: 20000
  sd_sb: 25974.65609484335
  shared_bases_count: 2489313
  shared_coverage: 0.02489313
  total_genome_length: 100000000
  zscore_sb: -0.4112366903803104
