by_chromosomes:
  chr1:
    mean_sb: 1250.0624981235253
    pvalue_sb: 0.9346450053954402
    query_bases_count: 25000
    query_coverage: 0.25
    query_size: 500
    reference_bases_count: 5000
    reference_coverage: 0.05
    reference_size: 100
    sd_sb: 179.35622181513887
    shared_bases_count: 979
    shared_coverage: 0.00979
    zscore_sb: -1.5113080292408674
total:
  mean_sb: 1250.0624981235253
  pvalue_sb: 0.9346450053954402
  query_bases_count: 25000
  query_coverage: 0.25
  query_size: 500
  reference_bases_count: 5000
  reference_coverage: 0.05
  reference_size: 100
  sd_sb: 179.35622181513887
  shared_bases_count: 979
  shared_coverage: 0.00979
  total_genome_length: 100000
  zscore_sb: -1.5113080292408674
