by_chromosomes:
  chr1:
    mean_sb: 2500.0001249310512
    pvalue_sb: 0.6786417945910593
    query_bases_count: 25000000
    query_coverage: 0.25
    query_size: 50000
    reference_bases_count: 10000
    reference_coverage: 0.0001
    reference_size: 20
    sd_sb: 793.267564916903
    shared_bases_count: 2132
    shared_coverage: 2.132e-05
    zscore_sb: -0.46390416198297496
total:
  mean_sb: 2500.0001249310512
  pvalue_sb: 0.6786417945910593
  query_bases_count: 25000000
  query_coverage: 0.25
  query_size: 50000
  reference_bases_count: 10000
  reference_coverage: 0.0001
  reference_size: 20
  sd_sb: 793.267564916903
  shared_bases_count: 2132
  shared_coverage: 2.132e-05
  total_genome_length: 100000000
  zscore_sb: -0.46390416198297496
