by_chromosomes:
  chr1:
    mean_sb: 2500.1249962468282
    pvalue_sb: 0.3702075335334527
    query_bases_count: 25000
    query_coverage: 0.25
    query_size: 500
    reference_bases_count: 10000
    reference_coverage: 0.1
    reference_size: 200
    sd_sb: 259.2032432919658
    shared_bases_count: 2586
    shared_coverage: 0.02586
    zscore_sb: 0.33130373934574014
total:
  mean_sb: 2500.1249962468282
  pvalue_sb: 0.3702075335334527
  query_bases_count: 25000
  query_coverage: 0.25
  query_size: 500
  reference_bases_count: 10000
  reference_coverage: 0.1
  reference_size: 200
  sd_sb: 259.2032432919658
  shared_bases_count: 2586
  shared_coverage: 0.02586
  total_genome_length: 100000
  zscore_sb: 0.33130373934574014
