by_chromosomes:
  chr1:
    mean_sb: 250000.01241507096
    pvalue_sb: 0.9367623988912583
    query_bases_count: 25000000
    query_coverage: 0.25
    query_size: 50000
    reference_bases_count: 1000000
    reference_coverage: 0.01
    reference_size: 2000
    sd_sb: 7958.648882912076
    shared_bases_count: 237838
    shared_coverage: 0.00237838
    zscore_sb: -1.5281503926104674
total:
  mean_sb: 250000.01241507096
  pvalue_sb: 0.9367623988912583
  query_bases_count: 25000000
  query_coverage: 0.25
  query_size: 50000
  reference_bases_count: 1000000
  reference_coverage: 0.01
  reference_size: 2000
  sd_sb: 7958.648882912076
  shared_bases_count: 237838
  shared_coverage: 0.00237838
  total_genome_length: 100000000
  zscore_sb: -1.5281503926104674
