by_chromosomes:
  chr1:
    mean_sb: 6250.000312310176
    pvalue_sb: 0.29965029027455714
    query_bases_count: 25000000
    query_coverage: 0.25
    query_size: 50000
    reference_bases_count: 25000
    reference_coverage: 0.00025
    reference_size: 50
    sd_sb: 1254.2661497254467
    shared_bases_count: 6909
    shared_coverage: 6.909e-05
    zscore_sb: 0.5254065796434643
total:
  mean_sb: 6250.000312310176
  pvalue_sb: 0.29965029027455714
  query_bases_count: 25000000
  query_coverage: 0.25
  query_size: 50000
  reference_bases_count: 25000
  reference_coverage: 0.00025
  reference_size: 50
  sd_sb: 1254.2661497254467
  shared_bases_count: 6909
  shared_coverage: 6.909e-05
  total_genome_length: 100000000
  zscore_sb: 0.5254065796434643
