by_chromosomes:
  chr1:
    mean_sb: 125.00624981231151
    pvalue_sb: 0.8458345040501054
    query_bases_count: 25000
    query_coverage: 0.25
    query_size: 500
    reference_bases_count: 500
    reference_coverage: 0.005
    reference_size: 10
    sd_sb: 55.95813345382326
    shared_bases_count: 68
    shared_coverage: 0.00068
    zscore_sb: -1.0187303666830338
total:
  mean_sb: 125.00624981231151
  pvalue_sb: 0.8458345040501054
  query_bases_count: 25000
  query_coverage: 0.25
  query_size: 500
  reference_bases_count: 500
  reference_coverage: 0.005
  reference_size: 10
  sd_sb: 55.95813345382326
  shared_bases_count: 68
  shared_coverage: 0.00068
  total_genome_length: 100000
  zscore_sb: -1.0187303666830338
