by_chromosomes:
  chr1:
    mean_sb: 625000.0312310023
    pvalue_sb: 0.05908232433044228
    query_bases_count: 25000000
    query_coverage: 0.25
    query_size: 50000
    reference_bases_count: 2500000
    reference_coverage: 0.025
    reference_size: 5000
    sd_sb: 12642.987608425197
    shared_bases_count: 644755
    shared_coverage: 0.00644755
    zscore_sb: 1.562523778464603
total:
  mean_sb: 625000.0312310023
  pvalue_sb: 0.05908232433044228
  query_bases_count: 25000000
  query_coverage: 0.25
  query_size: 50000
  reference_bases_count: 2500000
  reference_coverage: 0.025
  reference_size: 5000
  sd_sb: 12642.987608425197
  shared_bases_count: 644755
  shared_coverage: 0.00644755
  total_genome_length: 100000000
  zscore_sb: 1.562523778464603
