by_chromosomes:
  chr1:
    mean_sb: 6250.000312336734
    pvalue_sb: 0.1946022187659101
    query_bases_count: 25000000
    query_coverage: 0.25
    query_size: 50000
    reference_bases_count: 25000
    reference_coverage: 0.00025
    reference_size: 50
    sd_sb: 1254.2661496578746
    shared_bases_count: 7330
    shared_coverage: 7.33e-05
    zscore_sb: 0.8610610179967436
total:
  mean_sb: 6250.000312336734
  pvalue_sb: 0.1946022187659101
  query_bases_count: 25000000
  query_coverage: 0.25
  query_size: 50000
  reference_bases_count: 25000
  reference_coverage: 0.00025
  reference_size: 50
  sd_sb: 1254.2661496578746
  shared_bases_count: 7330
  shared_coverage: 7.33e-05
  total_genome_length: 100000000
  zscore_sb: 0.8610610179967436
