by_chromosomes:
  chr1:
    mean_sb: 100.01699948977998
    pvalue_sb: 0.9929666672438279
    query_bases_count: 10000
    query_coverage: 0.1
    query_size: 1000
    reference_bases_count: 1000
    reference_coverage: 0.01
    reference_size: 993
    sd_sb: 10.187914602593787
    shared_bases_count: 75
    shared_coverage: 0.00075
    zscore_sb: -2.4555564573942132
total:
  mean_sb: 100.01699948977998
  pvalue_sb: 0.9929666672438279
  query_bases_count: 10000
  query_coverage: 0.1
  query_size: 1000
  reference_bases_count: 1000
  reference_coverage: 0.01
  reference_size: 993
  sd_sb: 10.187914602593787
  shared_bases_count: 75
  shared_coverage: 0.00075
  total_genome_length: 100000
  zscore_sb: -2.4555564573942132
