by_chromosomes:
  chr1:
    mean_sb: 500.02499924927713
    pvalue_sb: 0.3947142560642237
    query_bases_count: 25000
    query_coverage: 0.25
    query_size: 500
    reference_bases_count: 2000
    reference_coverage: 0.02
    reference_size: 40
    sd_sb: 112.24372601095946
    shared_bases_count: 530
    shared_coverage: 0.0053
    zscore_sb: 0.26705279498469375
total:
  mean_sb: 500.02499924927713
  pvalue_sb: 0.3947142560642237
  query_bases_count: 25000
  query_coverage: 0.25
  query_size: 500
  reference_bases_count: 2000
  reference_coverage: 0.02
  reference_size: 40
  sd_sb: 112.24372601095946
  shared_bases_count: 530
  shared_coverage: 0.0053
  total_genome_length: 100000
  zscore_sb: 0.26705279498469375
