by_chromosomes:
  chr1:
    mean_sb: 125.006249812293
    pvalue_sb: 0.13013990840334322
    query_bases_count: 25000
    query_coverage: 0.25
    query_size: 500
    reference_bases_count: 500
    reference_coverage: 0.005
    reference_size: 10
    sd_sb: 55.95813346226197
    shared_bases_count: 188
    shared_coverage: 0.00188
    zscore_sb: 1.1257300108158508
total:
  mean_sb: 125.006249812293
  pvalue_sb: 0.13013990840334322
  query_bases_count: 25000
  query_coverage: 0.25
  query_size: 500
  reference_bases_count: 500
  reference_coverage: 0.005
  reference_size: 10
  sd_sb: 55.95813346226197
  shared_bases_count: 188
  shared_coverage: 0.00188
  total_genome_length: 100000
  zscore_sb: 1.1257300108158508
