by_chromosomes:
  chr1:
    mean_sb: 50.048498194865296
    pvalue_sb: 0.23715555750723516
    query_bases_count: 10000
    query_coverage: 0.1
    query_size: 1000
    reference_bases_count: 500
    reference_coverage: 0.005
    reference_size: 499
    sd_sb: 6.920509792339323
    shared_bases_count: 55
    shared_coverage: 0.00055
    zscore_sb: 0.7154822337822251
total:
  mean_sb: 50.048498194865296
  pvalue_sb: 0.23715555750723516
  query_bases_count: 10000
  query_coverage: 0.1
  query_size: 1000
  reference_bases_count: 500
  reference_coverage: 0.005
  reference_size: 499
  sd_sb: 6.920509792339323
  shared_bases_count: 55
  shared_coverage: 0.00055
  total_genome_length: 100000
  zscore_sb: 0.7154822337822251
