by_chromosomes:
  chr1:
    mean_sb: 25000.001249223846
    pvalue_sb: 0.57615974206782
    query_bases_count: 25000000
    query_coverage: 0.25
    query_size: 50000
    reference_bases_count: 100000
    reference_coverage: 0.001
    reference_size: 200
    sd_sb: 2509.3938601353375
    shared_bases_count: 24518
    shared_coverage: 0.00024518
    zscore_sb: -0.19207875530461815
total:
  mean_sb: 25000.001249223846
  pvalue_sb: 0.57615974206782
  query_bases_count: 25000000
  query_coverage: 0.25
  query_size: 50000
  reference_bases_count: 100000
  reference_coverage: 0.001
  reference_size: 200
  sd_sb: 2509.3938601353375
  shared_bases_count: 24518
  shared_coverage: 0.00024518
  total_genome_length: 100000000
  zscore_sb: -0.19207875530461815
