by_chromosomes:
  chr1:
    mean_sb: 5000.249992493659
    pvalue_sb: 0.7532797767766155
    query_bases_count: 25000
    query_coverage: 0.25
    query_size: 500
    reference_bases_count: 20000
    reference_coverage: 0.2
    reference_size: 400
    sd_sb: 380.01185118036955
    shared_bases_count: 4740
    shared_coverage: 0.0474
    zscore_sb: -0.6848470427574473
total:
  mean_sb: 5000.249992493659
  pvalue_sb: 0.7532797767766155
  query_bases_count: 25000
  query_coverage: 0.25
  query_size: 500
  reference_bases_count: 20000
  reference_coverage: 0.2
  reference_size: 400
  sd_sb: 380.01185118036955
  shared_bases_count: 4740
  shared_coverage: 0.0474
  total_genome_length: 100000
  zscore_sb: -0.6848470427574473
