by_chromosomes:
  chr1:
    mean_sb: 2500000.095377239
    pvalue_sb: 0.45309963150065746
    query_bases_count: 25000000
    query_coverage: 0.25
    query_size: 50000
    reference_bases_count: 10000000
    reference_coverage: 0.1
    reference_size: 20000
    sd_sb: 25942.48724714847
    shared_bases_count: 2503057
    shared_coverage: 0.02503057
    zscore_sb: 0.11783390673524961
total:
  mean_sb: 2500000.095377239
  pvalue_sb: 0.45309963150065746
  query_bases_count: 25000000
  query_coverage: 0.25
  query_size: 50000
  reference_bases_count: 10000000
  reference_coverage: 0.1
  reference_size: 20000
  sd_sb: 25942.48724714847
  shared_bases_count: 2503057
  shared_coverage: 0.02503057
  total_genome_length: 100000000
  zscore_sb: 0.11783390673524961
